0 0
0.002 0
0.004 0
0.006 0
0.008 0
0.01 0
0.012 0
0.014 0
0.016 0
0.018 0
0.02 0
0.022 0
0.024 0
0.026 -0.017373
0.028 -0.032469
0.03 -0.063295
0.032 -0.096929
0.034 -0.10675
0.036 -0.082338
0.038 -0.0034503
0.04 0.13438
0.042 0.34945
0.044 0.67268
0.046 1.0795
0.048 1.5969
0.05 2.2318
0.052 2.9412
0.054 3.7425
0.056 4.6073
0.058 5.5042
0.06 6.4538
0.062 7.427
0.064 8.4122
0.066 9.4057
0.068 10.387
0.07 11.343
0.072 12.263
0.074 13.164
0.076 14.036
0.078 14.87
0.08 15.659
0.082 16.408
0.084 17.079
0.086 17.703
0.088 18.284
0.09 18.821
0.092 19.32
0.094 19.796
0.096 20.199
0.098 20.573
0.1 20.924
0.102 21.239
0.104 21.498
0.106 21.757
0.108 21.999
0.11 22.234
0.112 22.416
0.114 22.58
0.116 22.723
0.118 22.852
0.12 22.978
0.122 23.087
0.124 23.169
0.126 23.246
0.128 23.294
0.13 23.358
0.132 23.41
0.134 23.447
0.136 23.469
0.138 23.51
0.14 23.525
0.142 23.519
0.144 23.499
0.146 23.482
0.148 23.452
0.15 23.399
0.152 23.342
0.154 23.287
0.156 23.198
0.158 23.09
0.16 22.992
0.162 22.894
0.164 22.773
0.166 22.651
0.168 22.555
0.17 22.426
0.172 22.275
0.174 22.131
0.176 22.012
0.178 21.873
0.18 21.709
0.182 21.582
0.184 21.45
0.186 21.304
0.188 21.165
0.19 21.02
0.192 20.875
0.194 20.733
0.196 20.582
0.198 20.423
0.2 20.277
0.202 20.127
0.204 19.957
0.206 19.796
0.208 19.664
0.21 19.488
0.212 19.322
0.214 19.195
0.216 19.01
0.218 18.84
0.22 18.691
0.222 18.496
0.224 18.326
0.226 18.148
0.228 17.939
0.23 17.738
0.232 17.542
0.234 17.346
0.236 17.137
0.238 16.951
0.24 16.767
0.242 16.557
0.244 16.392
0.246 16.23
0.248 16.037
0.25 15.886
0.252 15.744
0.254 15.584
0.256 15.444
0.258 15.291
0.26 15.155
0.262 15.032
0.264 14.884
0.266 14.757
0.268 14.657
0.27 14.537
0.272 14.401
0.274 14.306
0.276 14.208
0.278 14.072
0.28 13.938
0.282 13.846
0.284 13.723
0.286 13.577
0.288 13.464
0.29 13.341
0.292 13.193
0.294 13.037
0.296 12.901
0.298 12.759
0.3 12.603
0.302 12.46
0.304 12.305
0.306 12.158
0.308 12.012
0.31 11.846
0.312 11.68
0.314 11.548
0.316 11.385
0.318 11.218
0.32 11.074
0.322 10.914
0.324 10.739
0.326 10.576
0.328 10.441
0.33 10.267
0.332 10.1
0.334 9.9759
0.336 9.8042
0.338 9.6319
0.34 9.5062
0.342 9.3252
0.344 9.1397
0.346 9.0013
0.348 8.8261
0.35 8.6316
0.352 8.4821
0.354 8.3111
0.356 8.1105
0.358 7.9529
0.36 7.7832
0.362 7.5795
0.364 7.4148
0.366 7.2428
0.368 7.0449
0.37 6.8681
0.372 6.6995
0.374 6.5121
0.376 6.3175
0.378 6.149
0.38 5.924
0.382 5.7154
0.384 5.5044
0.386 5.26
0.388 5.0022
0.39 4.755
0.392 4.4645
0.394 4.1731
0.396 3.8691
0.398 3.5108
0.4 3.1704
0.402 2.8307
0.404 2.4655
0.406 2.0919
0.408 1.6813
0.41 1.2807
0.412 0.85011
0.414 0.41569
0.416 -0.025453
0.418 -0.46996
0.42 -0.94654
0.422 -1.3786
0.424 -1.7589
0.426 -2.1074
0.428 -2.4
0.43 -2.5983
0.432 -2.707
0.434 -2.7561
0.436 -2.7289
0.438 -2.6396
0.44 -2.5254
0.442 -2.3474
0.444 -2.1477
0.446 -1.971
0.448 -1.776
0.45 -1.5994
0.452 -1.4638
0.454 -1.2865
0.456 -1.1007
0.458 -0.935
0.46 -0.7628
0.462 -0.59478
0.464 -0.45974
0.466 -0.34563
0.468 -0.23305
0.47 -0.15366
0.472 -0.11002
0.474 -0.062325
0.476 -0.044551
0.478 -0.06185
0.48 -0.060728
0.482 -0.069595
0.484 -0.094491
0.486 -0.089983
0.488 -0.089413
0.49 -0.0908
0.492 -0.089524
0.494 -0.090875
0.496 -0.09051
0.498 -0.090466
0.5 -0.089673
0.502 -0.090812
0.504 -0.089794
0.506 -0.090903
0.508 -0.090127
0.51 -0.090013
0.512 -0.089426
0.514 -0.090811
0.516 -0.089504
0.518 -0.090798
0.52 -0.0908
0.522 -0.090267
0.524 -0.089374
0.526 -0.090743
0.528 -0.090392
0.53 -0.091446
0.532 -0.092107
0.534 -0.091057
0.536 -0.089671
0.538 -0.089931
0.54 -0.089997
0.542 -0.090268
0.544 -0.089812
0.546 -0.088446
0.548 -0.08685
0.55 -0.087734
0.552 -0.08748
0.554 -0.087773
0.556 -0.089038
0.558 -0.088462
0.56 -0.087765
0.562 -0.088363
0.564 -0.089445
0.566 -0.088442
0.568 -0.088685
0.57 -0.087956
0.572 -0.087754
0.574 -0.087273
0.576 -0.087518
0.578 -0.087347
0.58 -0.088627
0.582 -0.087693
0.584 -0.087244
0.586 -0.087897
0.588 -0.089588
0.59 -0.088817
0.592 -0.090001
0.594 -0.089258
0.596 -0.089012
0.598 -0.088281
0.6 -0.089414
0.602 -0.088859
0.604 -0.090111
0.606 -0.089141
0.608 -0.088563
0.61 -0.088486
0.612 -0.089786
0.614 -0.088514
0.616 -0.08996
0.618 -0.089475
0.62 -0.08951
0.622 -0.088907
0.624 -0.090225
0.626 -0.089037
0.628 -0.090264
0.63 -0.089571
0.632 -0.089631
0.634 -0.089121
0.636 -0.09048
0.638 -0.089203
0.64 -0.090583
0.642 -0.090082
0.644 -0.089802
0.646 -0.08919
0.648 -0.090749
0.65 -0.089977
0.652 -0.091444
0.654 -0.091843
0.656 -0.091226
0.658 -0.090036
0.66 -0.090886
0.662 -0.090681
0.664 -0.091352
0.666 -0.090596
0.668 -0.089573
0.67 -0.088239
0.672 -0.089182
0.674 -0.088263
0.676 -0.089221
0.678 -0.090137
0.68 -0.089621
0.682 -0.088659
0.684 -0.089632
0.686 -0.090209
0.688 -0.089685
0.69 -0.089341
0.692 -0.088685
0.694 -0.088251
0.696 -0.088167
0.698 -0.087714
0.7 -0.088206
0.702 -0.089445
0.704 -0.088831
0.706 -0.088007
0.708 -0.088676
0.71 -0.089632
0.712 -0.088704
0.714 -0.089316
0.716 -0.088094
0.718 -0.087255
0.72 -0.086378
0.722 -0.087062
0.724 -0.086883
0.726 -0.088007
0.728 -0.086951
0.73 -0.086385
0.732 -0.087187
0.734 -0.088889
0.736 -0.088201
0.738 -0.089452
0.74 -0.088837
0.742 -0.088716
0.744 -0.088169
0.746 -0.089481
0.748 -0.088293
0.75 -0.089411
0.752 -0.088603
0.754 -0.088665
0.756 -0.088242
0.758 -0.089536
0.76 -0.088285
0.762 -0.089739
0.764 -0.08927
0.766 -0.089286
0.768 -0.0887
0.77 -0.090036
0.772 -0.088833
0.774 -0.090013
0.776 -0.089765
0.778 -0.089331
0.78 -0.08834
0.782 -0.089436
0.784 -0.08897
0.786 -0.090167
0.788 -0.089457
0.79 -0.089072
0.792 -0.088423
0.794 -0.089977
0.796 -0.089079
0.798 -0.090622
0.8 -0.091003
0.802 -0.090629
0.804 -0.089666
0.806 -0.090788
0.808 -0.090715
0.81 -0.090876
0.812 -0.090133
0.814 -0.089716
0.816 -0.089196
0.818 -0.089634
0.82 -0.088589
0.822 -0.089649
0.824 -0.090431
0.826 -0.08996
0.828 -0.088944
0.83 -0.09004
0.832 -0.090419
0.834 -0.090093
0.836 -0.08962
0.838 -0.089023
0.84 -0.088547
0.842 -0.0886
0.844 -0.088855
0.846 -0.088899
0.848 -0.089438
0.85 -0.087996
0.852 -0.086767
0.854 -0.087596
0.856 -0.088638
0.858 -0.088066
0.86 -0.088851
0.862 -0.087805
0.864 -0.087083
0.866 -0.086543
0.868 -0.087394
0.87 -0.08761
0.872 -0.08896
0.874 -0.088156
0.876 -0.087796
0.878 -0.087406
0.88 -0.088579
0.882 -0.087526
0.884 -0.088906
0.886 -0.088458
0.888 -0.088377
0.89 -0.087881
0.892 -0.089177
0.894 -0.088005
0.896 -0.089107
0.898 -0.088284
0.9 -0.088367
0.902 -0.087992
0.904 -0.089291
0.906 -0.088258
0.908 -0.089569
0.91 -0.088861
0.912 -0.088556
0.914 -0.088064
0.916 -0.089711
0.918 -0.08878
0.92 -0.090159
0.922 -0.089947
0.924 -0.089743
0.926 -0.08896
0.928 -0.09021
0.93 -0.089694
0.932 -0.091024
0.934 -0.09034
0.936 -0.089951
0.938 -0.089268
0.94 -0.090387
0.942 -0.08912
0.944 -0.090442
0.946 -0.090831
0.948 -0.090634
0.95 -0.089665
0.952 -0.090763
0.954 -0.09048
0.956 -0.090851
0.958 -0.090012
0.96 -0.089711
0.962 -0.089229
0.964 -0.089907
0.966 -0.090096
0.968 -0.090353
0.97 -0.090251
0.972 -0.088835
0.974 -0.087334
0.976 -0.08833
0.978 -0.088579
0.98 -0.088582
0.982 -0.089291
0.984 -0.088388
0.986 -0.087435
0.988 -0.086556
0.99 -0.085876
0.992 -0.085519
0.994 -0.08561
0.996 -0.086273
0.998 -0.087632
