354 0.709 0.0001491
0.00026717 0.65383
0.00018676 -0.22238
9.3714e-05 -0.90103
4.914e-05 -0.8717
5.3238e-05 -1.1816
-3.4425e-05 1.1465
-5.0946e-06 1.1612
1.7372e-05 -1.335
-1.3655e-05 0.72371
1.4354e-06 0.62286
9.3668e-06 -1.4091
-5.9493e-06 0.39665
2.9658e-06 -0.087318
-6.2699e-06 1.5108
-2.6651e-06 0.076646
2.914e-06 -0.58518
-4.082e-06 1.1941
-1.0031e-06 -0.36838
2.3778e-06 -0.96294
-2.4009e-06 0.9088
1.7932e-07 1.2738
1.8179e-06 -1.251
-1.3232e-06 0.77491
4.0741e-07 -0.60326
1.3343e-06 -1.4754
-7.923e-07 0.8222
4.6505e-07 -1.0381
-9.4697e-07 1.5404
-5.5598e-07 0.9057
3.8583e-07 -1.1519
-7.2405e-07 1.5367
-4.206e-07 0.93
3.5299e-07 -1.051
-6.3585e-07 1.4987
-3.0747e-07 0.87853
3.7181e-07 -1.0408
-5.5089e-07 1.3466
-1.8557e-07 0.8715
3.8008e-07 -1.1402
-4.3089e-07 1.1816
-1.0867e-07 1.3742
3.6623e-07 -1.2869
-3.1697e-07 1.099
1.3541e-07 -1.3024
3.2696e-07 -1.4477
-2.3836e-07 1.1076
1.5561e-07 -1.3245
2.7138e-07 -1.5523
-1.912e-07 1.1614
1.4604e-07 -1.361
2.3091e-07 -1.5593
-1.6445e-07 1.1955
1.351e-07 -1.3035
-2.1593e-07 1.5644
-1.3958e-07 1.1568
1.3463e-07 -1.2393
-2.0106e-07 1.4641
-1.0518e-07 1.1386
1.401e-07 -1.232
-1.7449e-07 1.3473
-7.779e-08 1.3364
1.449e-07 -1.3032
-1.4463e-07 1.2722
7.5678e-08 -1.5373
1.3974e-07 -1.4251
-1.188e-07 1.2515
7.9821e-08 -1.4692
1.2449e-07 -1.5141
-1.0056e-07 1.2845
7.7593e-08 -1.4639
1.1148e-07 -1.5247
-9.1034e-08 1.3137
7.3108e-08 -1.4314
1.0675e-07 -1.5347
-8.2158e-08 1.2761
7.0241e-08 -1.3697
-1.0262e-07 1.5402
-6.7892e-08 1.2436
7.1639e-08 -1.3107
-9.4504e-08 1.4535
-5.4715e-08 1.3365
7.5833e-08 -1.3278
-8.3823e-08 1.38
-5.0212e-08 1.4994
7.6141e-08 -1.4157
-7.2318e-08 1.3419
5.0045e-08 -1.5566
7.0924e-08 -1.4893
-6.3203e-08 1.3603
4.9181e-08 -1.5277
6.5632e-08 -1.5037
-5.8717e-08 1.3833
4.7037e-08 -1.5098
6.3467e-08 -1.5102
-5.4714e-08 1.3491
4.4347e-08 -1.4636
6.2005e-08 -1.5513
-4.7735e-08 1.3119
4.4013e-08 -1.3849
-5.9363e-08 1.5267
-4.0581e-08 1.352
4.6517e-08 -1.3634
-5.5048e-08 1.4558
-3.6682e-08 1.4491
4.7675e-08 -1.4187
-4.9141e-08 1.4084
-3.5311e-08 1.5297
4.5849e-08 -1.4758
-4.399e-08 1.4154
-3.4744e-08 1.5708
4.347e-08 -1.4932
-4.1479e-08 1.4317
3.3596e-08 -1.561
4.2209e-08 -1.4985
-3.9377e-08 1.4028
3.1477e-08 -1.531
4.1562e-08 -1.5193
-3.5671e-08 1.3664
3.0534e-08 -1.4529
4.0847e-08 -1.5636
-3.1541e-08 1.3756
3.177e-08 -1.4075
-3.9083e-08 1.5125
-2.8527e-08 1.4285
3.2779e-08 -1.4325
-3.5845e-08 1.4616
-2.6927e-08 1.4961
3.2265e-08 -1.4719
-3.2749e-08 1.4591
-2.6423e-08 1.5413
3.1179e-08 -1.4907
-3.1168e-08 1.4688
-2.5735e-08 1.5473
3.0331e-08 -1.496
-2.9929e-08 1.4458
-2.4158e-08 1.5642
2.9956e-08 -1.5014
-2.7887e-08 1.4133
2.31e-08 -1.511
2.9942e-08 -1.5289
-2.543e-08 1.4036
2.3524e-08 -1.4556
-2.93e-08 1.5553
-2.3176e-08 1.4262
2.4183e-08 -1.4547
-2.7495e-08 1.5053
-2.1684e-08 1.4786
2.418e-08 -1.4764
-2.5588e-08 1.4953
-2.1194e-08 1.5221
2.3718e-08 -1.4945
-2.4512e-08 1.4984
-2.0728e-08 1.5268
2.3108e-08 -1.5003
-2.3709e-08 1.4815
-1.9585e-08 1.5348
2.2827e-08 -1.4948
-2.2574e-08 1.4544
1.8621e-08 -1.5567
2.3032e-08 -1.508
-2.1101e-08 1.4336
1.8569e-08 -1.5025
2.2894e-08 -1.5547
-1.9445e-08 1.4357
1.8893e-08 -1.4826
-2.1915e-08 1.5412
-1.8172e-08 1.4731
1.9058e-08 -1.4877
-2.0744e-08 1.5254
-1.7697e-08 1.5111
1.8902e-08 -1.5032
-1.9974e-08 1.5227
-1.734e-08 1.5158
1.8452e-08 -1.5092
-1.9415e-08 1.5113
-1.6527e-08 1.5186
1.821e-08 -1.4971
-1.8793e-08 1.49
-1.5729e-08 1.5523
1.8433e-08 -1.4989
-1.7919e-08 1.4637
1.5429e-08 -1.5435
1.8508e-08 -1.5334
-1.6725e-08 1.4528
1.5494e-08 -1.5124
-1.8019e-08 1.5694
-1.5694e-08 1.4766
1.5671e-08 -1.504
-1.732e-08 1.5499
-1.5246e-08 1.5068
1.5657e-08 -1.5152
-1.6758e-08 1.5425
-1.4946e-08 1.512
1.5327e-08 -1.5209
-1.6349e-08 1.5355
-1.4376e-08 1.5124
1.5109e-08 -1.5061
-1.602e-08 1.52
-1.3755e-08 1.5321
1.5275e-08 -1.4996
-1.5515e-08 1.4924
-1.3354e-08 1.566
1.5414e-08 -1.5214
-1.4675e-08 1.4742
1.3244e-08 -1.5408
1.5216e-08 -1.5516
-1.3876e-08 1.4864
1.337e-08 -1.5231
-1.4825e-08 1.569
-1.3467e-08 1.5081
1.3408e-08 -1.529
-1.4415e-08 1.5582
-1.3201e-08 1.5136
1.317e-08 -1.5336
-1.4107e-08 1.5546
-1.2808e-08 1.5135
1.2978e-08 -1.5191
-1.3941e-08 1.5441
-1.2346e-08 1.5223
1.3067e-08 -1.5079
-1.3665e-08 1.5184
-1.1934e-08 1.5442
1.3199e-08 -1.5179
-1.3096e-08 1.4973
1.1727e-08 -1.5647
1.3164e-08 -1.5386
-1.2501e-08 1.5003
1.1783e-08 -1.5423
1.2971e-08 -1.5589
-1.2142e-08 1.5137
1.1825e-08 -1.5432
-1.2678e-08 1.5702
-1.1903e-08 1.5192
1.1658e-08 -1.546
-1.2445e-08 1.5685
-1.1636e-08 1.5194
1.1495e-08 -1.5339
-1.2366e-08 1.5623
-1.1306e-08 1.5207
1.1515e-08 -1.5211
-1.2226e-08 1.5405
-1.0934e-08 1.5324
1.1607e-08 -1.5215
-1.1861e-08 1.5199
-1.069e-08 1.5594
1.1652e-08 -1.5331
-1.144e-08 1.5163
1.0684e-08 -1.5595
1.1582e-08 -1.5507
-1.1138e-08 1.5224
1.0707e-08 -1.5563
1.1382e-08 -1.5633
-1.0927e-08 1.5275
1.0594e-08 -1.557
1.1209e-08 -1.5639
-1.0748e-08 1.5282
1.0464e-08 -1.548
1.1171e-08 -1.567
-1.0522e-08 1.5252
1.0432e-08 -1.5363
-1.1109e-08 1.558
-1.0215e-08 1.5294
1.0478e-08 -1.5303
-1.0893e-08 1.5401
-9.9792e-09 1.5492
1.055e-08 -1.5341
-1.0613e-08 1.5325
-9.9282e-09 1.5688
1.0547e-08 -1.5477
-1.0371e-08 1.5332
9.9264e-09 -1.5669
1.042e-08 -1.5588
-1.0193e-08 1.5372
9.8522e-09 -1.5657
1.0297e-08 -1.5593
-1.0074e-08 1.5384
9.7553e-09 -1.56
1.0275e-08 -1.5604
-9.9268e-09 1.5336
9.6966e-09 -1.5508
-1.0252e-08 1.5702
-9.6955e-09 1.5333
9.7032e-09 -1.5419
-1.014e-08 1.5565
-9.4957e-09 1.5458
9.7691e-09 -1.5404
-9.9697e-09 1.5474
-9.4221e-09 1.5606
9.7958e-09 -1.5492
-9.7893e-09 1.5446
-9.3997e-09 1.5673
9.7235e-09 -1.5578
-9.6489e-09 1.5474
-9.3533e-09 1.5699
9.6431e-09 -1.5584
-9.5717e-09 1.5488
9.2876e-09 -1.5686
9.6259e-09 -1.5586
-9.481e-09 1.5441
9.2236e-09 -1.5625
9.6188e-09 -1.5646
-9.324e-09 1.5418
9.206e-09 -1.5538
-9.5714e-09 1.5679
-9.1766e-09 1.5484
9.2515e-09 -1.5498
-9.4805e-09 1.5596
-9.1028e-09 1.5579
9.2826e-09 -1.5543
-9.3599e-09 1.5555
-9.0711e-09 1.5639
9.2486e-09 -1.5598
-9.261e-09 1.5571
-9.0445e-09 1.5669
9.2028e-09 -1.5607
-9.213e-09 1.5582
-9.0064e-09 1.5683
9.1874e-09 -1.5607
-9.1618e-09 1.555
8.9558e-09 -1.57
9.1839e-09 -1.5632
-9.0715e-09 1.5528
8.9331e-09 -1.5638
9.1705e-09 -1.5679
-8.9828e-09 1.5555
8.9566e-09 -1.56
-9.1308e-09 1.5679
-8.9287e-09 1.5604
8.9782e-09 -1.5616
-9.0642e-09 1.5646
-8.9028e-09 1.5646
8.9678e-09 -1.5643
-9.0085e-09 1.5653
-8.892e-09 1.5669
8.9487e-09 -1.5652
-8.9828e-09 1.5661
-8.8774e-09 1.5675
8.9382e-09 -1.5655
-8.9588e-09 1.5649
-8.8543e-09 1.5689
8.9344e-09 -1.5662
-8.9229e-09 1.5643
8.8456e-09 -1.57
8.9311e-09 -1.5679
-8.8911e-09 1.5654
8.8562e-09 -1.5686
8.9169e-09 -1.5701
-8.8736e-09 1.5673
8.8652e-09 -1.5692
-8.8948e-09 1.5707
-8.8703e-09 1.5691
8.8661e-09 -1.5701
8.881e-09 -1.5704
-8.875e-09 1.5699
