0 0
0.001 1.1332e-05
0.002 2.2965e-05
0.003 3.4876e-05
0.004 4.7046e-05
0.005 5.9451e-05
0.006 7.2074e-05
0.007 8.4892e-05
0.008 9.7886e-05
0.009 0.00011104
0.01 0.00012433
0.011 0.00013774
0.012 0.00015125
0.013 0.00016484
0.014 0.0001785
0.015 0.00019221
0.016 0.00020595
0.017 0.00021971
0.018 0.00023346
0.019 0.00024721
0.02 0.00026092
0.021 0.00027458
0.022 0.00028819
0.023 0.00030172
0.024 0.00031516
0.025 0.00032851
0.026 0.00034174
0.027 0.00035484
0.028 0.00036781
0.029 0.00038062
0.03 0.00039328
0.031 0.00040576
0.032 0.00041806
0.033 0.00043017
0.034 0.00044207
0.035 0.00045377
0.036 0.00046524
0.037 0.00047648
0.038 0.00048748
0.039 0.00049824
0.04 0.00050874
0.041 0.00051899
0.042 0.00052896
0.043 0.00053866
0.044 0.00054809
0.045 0.00055722
0.046 0.00056607
0.047 0.00057462
0.048 0.00058287
0.049 0.00059082
0.05 0.00059846
0.051 0.00060578
0.052 0.0006128
0.053 0.0006195
0.054 0.00062588
0.055 0.00063193
0.056 0.00063767
0.057 0.00064309
0.058 0.00064818
0.059 0.00065294
0.06 0.00065739
0.061 0.00066151
0.062 0.0006653
0.063 0.00066878
0.064 0.00067194
0.065 0.00067478
0.066 0.0006773
0.067 0.00067952
0.068 0.00068142
0.069 0.00068302
0.07 0.00068432
0.071 0.00068532
0.072 0.00068603
0.073 0.00068645
0.074 0.00068659
0.075 0.00068648
0.076 0.00068617
0.077 0.00068565
0.078 0.00068493
0.079 0.00068402
0.08 0.00068293
0.081 0.00068166
0.082 0.00068021
0.083 0.0006786
0.084 0.00067682
0.085 0.00067489
0.086 0.0006728
0.087 0.00067056
0.088 0.00066819
0.089 0.00066567
0.09 0.00066303
0.091 0.00066026
0.092 0.00065736
0.093 0.00065435
0.094 0.00065123
0.095 0.000648
0.096 0.00064467
0.097 0.00064123
0.098 0.00063771
0.099 0.00063409
0.1 0.00063039
0.101 0.00062661
0.102 0.00062275
0.103 0.00061882
0.104 0.00061482
0.105 0.00061076
0.106 0.00060663
0.107 0.00060245
0.108 0.00059821
0.109 0.00059393
0.11 0.0005896
0.111 0.00058522
0.112 0.00058081
0.113 0.00057636
0.114 0.00057188
0.115 0.00056737
0.116 0.00056283
0.117 0.00055827
0.118 0.00055369
0.119 0.00054909
0.12 0.00054448
0.121 0.00053986
0.122 0.00053523
0.123 0.00053059
0.124 0.00052595
0.125 0.0005213
0.126 0.00051666
0.127 0.00051203
0.128 0.0005074
0.129 0.00050277
0.13 0.00049816
0.131 0.00049356
0.132 0.00048898
0.133 0.00048441
0.134 0.00047986
0.135 0.00047532
0.136 0.00047081
0.137 0.00046633
0.138 0.00046187
0.139 0.00045743
0.14 0.00045302
0.141 0.00044864
0.142 0.0004443
0.143 0.00043998
0.144 0.00043569
0.145 0.00043144
0.146 0.00042723
0.147 0.00042305
0.148 0.0004189
0.149 0.00041479
0.15 0.00041072
0.151 0.00040669
0.152 0.0004027
0.153 0.00039874
0.154 0.00039483
0.155 0.00039095
0.156 0.00038712
0.157 0.00038333
0.158 0.00037957
0.159 0.00037586
0.16 0.00037219
0.161 0.00036855
0.162 0.00036496
0.163 0.00036141
0.164 0.00035789
0.165 0.00035442
0.166 0.00035098
0.167 0.00034758
0.168 0.00034422
0.169 0.0003409
0.17 0.00033761
0.171 0.00033436
0.172 0.00033114
0.173 0.00032795
0.174 0.00032479
0.175 0.00032167
0.176 0.00031857
0.177 0.00031551
0.178 0.00031247
0.179 0.00030945
0.18 0.00030646
0.181 0.00030349
0.182 0.00030055
0.183 0.00029762
0.184 0.00029471
0.185 0.00029181
0.186 0.00028893
0.187 0.00028605
0.188 0.00028319
0.189 0.00028034
0.19 0.00027748
0.191 0.00027463
0.192 0.00027179
0.193 0.00026893
0.194 0.00026608
0.195 0.00026321
0.196 0.00026034
0.197 0.00025745
0.198 0.00025455
0.199 0.00025163
0.2 0.00024868
0.201 0.00024571
0.202 0.00024272
0.203 0.00023969
0.204 0.00023663
0.205 0.00023353
0.206 0.00023039
0.207 0.0002272
0.208 0.00022397
0.209 0.00022068
0.21 0.00021734
0.211 0.00021394
0.212 0.00021048
0.213 0.00020695
0.214 0.00020335
0.215 0.00019967
0.216 0.00019591
0.217 0.00019207
0.218 0.00018815
0.219 0.00018413
0.22 0.00018001
0.221 0.0001758
0.222 0.00017147
0.223 0.00016704
0.224 0.00016249
0.225 0.00015782
0.226 0.00015303
0.227 0.00014811
0.228 0.00014305
0.229 0.00013786
0.23 0.00013252
0.231 0.00012702
0.232 0.00012138
0.233 0.00011557
0.234 0.0001096
0.235 0.00010345
0.236 9.7126e-05
0.237 9.062e-05
0.238 8.3925e-05
0.239 7.7036e-05
0.24 6.9945e-05
0.241 6.2649e-05
0.242 5.514e-05
0.243 4.7412e-05
0.244 3.9459e-05
0.245 3.1275e-05
0.246 2.2854e-05
0.247 1.4189e-05
0.248 5.2741e-06
0.249 -3.898e-06
0.25 -1.3333e-05
0.251 -2.3039e-05
0.252 -3.3022e-05
0.253 -4.2295e-05
0.254 -4.9955e-05
0.255 -5.6124e-05
0.256 -6.0921e-05
0.257 -6.4464e-05
0.258 -6.6863e-05
0.259 -6.8227e-05
0.26 -6.8659e-05
0.261 -6.8259e-05
0.262 -6.7124e-05
0.263 -6.5346e-05
0.264 -6.3013e-05
0.265 -6.0209e-05
0.266 -5.7015e-05
0.267 -5.3507e-05
0.268 -4.9757e-05
0.269 -4.5834e-05
0.27 -4.1802e-05
0.271 -3.7723e-05
0.272 -3.3653e-05
0.273 -2.9644e-05
0.274 -2.5746e-05
0.275 -2.2004e-05
0.276 -1.8458e-05
0.277 -1.5145e-05
0.278 -1.2099e-05
0.279 -9.3487e-06
0.28 -6.9194e-06
0.281 -4.8323e-06
0.282 -3.1048e-06
0.283 -1.7503e-06
0.284 -7.7834e-07
0.285 -1.9436e-07
0.286 3.1222e-16
0.287 0
0.288 0
0.289 0
0.29 0
0.291 0
0.292 0
0.293 0
0.294 0
0.295 0
0.296 0
0.297 0
0.298 0
0.299 0
0.3 0
0.301 0
0.302 0
0.303 0
0.304 0
0.305 0
0.306 0
0.307 0
0.308 0
0.309 0
0.31 0
0.311 0
0.312 0
0.313 0
0.314 0
0.315 0
0.316 0
0.317 0
0.318 0
0.319 0
0.32 0
0.321 0
0.322 0
0.323 0
0.324 0
0.325 0
0.326 0
0.327 0
0.328 0
0.329 0
0.33 0
0.331 0
0.332 0
0.333 0
0.334 0
0.335 0
0.336 0
0.337 0
0.338 0
0.339 0
0.34 0
0.341 0
0.342 0
0.343 0
0.344 0
0.345 0
0.346 0
0.347 0
0.348 0
0.349 0
0.35 0
0.351 0
0.352 0
0.353 0
0.354 0
0.355 0
0.356 0
0.357 0
0.358 0
0.359 0
0.36 0
0.361 0
0.362 0
0.363 0
0.364 0
0.365 0
0.366 0
0.367 0
0.368 0
0.369 0
0.37 0
0.371 0
0.372 0
0.373 0
0.374 0
0.375 0
0.376 0
0.377 0
0.378 0
0.379 0
0.38 0
0.381 0
0.382 0
0.383 0
0.384 0
0.385 0
0.386 0
0.387 0
0.388 0
0.389 0
0.39 0
0.391 0
0.392 0
0.393 0
0.394 0
0.395 0
0.396 0
0.397 0
0.398 0
0.399 0
0.4 0
0.401 0
0.402 0
0.403 0
0.404 0
0.405 0
0.406 0
0.407 0
0.408 0
0.409 0
0.41 0
0.411 0
0.412 0
0.413 0
0.414 0
0.415 0
0.416 0
0.417 0
0.418 0
0.419 0
0.42 0
0.421 0
0.422 0
0.423 0
0.424 0
0.425 0
0.426 0
0.427 0
0.428 0
0.429 0
0.43 0
0.431 0
0.432 0
0.433 0
0.434 0
0.435 0
0.436 0
0.437 0
0.438 0
0.439 0
0.44 0
0.441 0
0.442 0
0.443 0
0.444 0
0.445 0
0.446 0
0.447 0
0.448 0
0.449 0
0.45 0
0.451 0
0.452 0
0.453 0
0.454 0
0.455 0
0.456 0
0.457 0
0.458 0
0.459 0
0.46 0
0.461 0
0.462 0
0.463 0
0.464 0
0.465 0
0.466 0
0.467 0
0.468 0
0.469 0
0.47 0
0.471 0
0.472 0
0.473 0
0.474 0
0.475 0
0.476 0
0.477 0
0.478 0
0.479 0
0.48 0
0.481 0
0.482 0
0.483 0
0.484 0
0.485 0
0.486 0
0.487 0
0.488 0
0.489 0
0.49 0
0.491 0
0.492 0
0.493 0
0.494 0
0.495 0
0.496 0
0.497 0
0.498 0
0.499 0
0.5 0
0.501 0
0.502 0
0.503 0
0.504 0
0.505 0
0.506 0
0.507 0
0.508 0
0.509 0
0.51 0
0.511 0
0.512 0
0.513 0
0.514 0
0.515 0
0.516 0
0.517 0
0.518 0
0.519 0
0.52 0
0.521 0
0.522 0
0.523 0
0.524 0
0.525 0
0.526 0
0.527 0
0.528 0
0.529 0
0.53 0
0.531 0
0.532 0
0.533 0
0.534 0
0.535 0
0.536 0
0.537 0
0.538 0
0.539 0
0.54 0
0.541 0
0.542 0
0.543 0
0.544 0
0.545 0
0.546 0
0.547 0
0.548 0
0.549 0
0.55 0
0.551 0
0.552 0
0.553 0
0.554 0
0.555 0
0.556 0
0.557 0
0.558 0
0.559 0
0.56 0
0.561 0
0.562 0
0.563 0
0.564 0
0.565 0
0.566 0
0.567 0
0.568 0
0.569 0
0.57 0
0.571 0
0.572 0
0.573 0
0.574 0
0.575 0
0.576 0
0.577 0
0.578 0
0.579 0
0.58 0
0.581 0
0.582 0
0.583 0
0.584 0
0.585 0
0.586 0
0.587 0
0.588 0
0.589 0
0.59 0
0.591 0
0.592 0
0.593 0
0.594 0
0.595 0
0.596 0
0.597 0
0.598 0
0.599 0
0.6 0
0.601 0
0.602 0
0.603 0
0.604 0
0.605 0
0.606 0
0.607 0
0.608 0
0.609 0
0.61 0
0.611 0
0.612 0
0.613 0
0.614 0
0.615 0
0.616 0
0.617 0
0.618 0
0.619 0
0.62 0
0.621 0
0.622 0
0.623 0
0.624 0
0.625 0
0.626 0
0.627 0
0.628 0
0.629 0
0.63 0
0.631 0
0.632 0
0.633 0
0.634 0
0.635 0
0.636 0
0.637 0
0.638 0
0.639 0
0.64 0
0.641 0
0.642 0
0.643 0
0.644 0
0.645 0
0.646 0
0.647 0
0.648 0
0.649 0
0.65 0
0.651 0
0.652 0
0.653 0
0.654 0
0.655 0
0.656 0
0.657 0
0.658 0
0.659 0
0.66 0
0.661 0
0.662 0
0.663 0
0.664 0
0.665 0
0.666 0
0.667 0
0.668 0
0.669 0
0.67 0
0.671 0
0.672 0
0.673 0
0.674 0
0.675 0
0.676 0
0.677 0
0.678 0
0.679 0
0.68 0
0.681 0
0.682 0
0.683 0
0.684 0
0.685 0
0.686 0
0.687 0
0.688 0
0.689 0
0.69 0
0.691 0
0.692 0
0.693 0
0.694 0
0.695 0
0.696 0
0.697 0
0.698 0
0.699 0
0.7 0
0.701 0
0.702 0
0.703 0
0.704 0
0.705 0
0.706 0
0.707 0
0.708 0
0.709 0
0.71 0
0.711 0
0.712 0
0.713 0
0.714 0
0.715 0
0.716 0
0.717 0
0.718 0
0.719 0
0.72 0
0.721 0
0.722 0
0.723 0
0.724 0
0.725 0
0.726 0
0.727 0
0.728 0
0.729 0
0.73 0
0.731 0
0.732 0
0.733 0
0.734 0
0.735 0
0.736 0
0.737 0
0.738 0
0.739 0
0.74 0
0.741 0
0.742 0
0.743 0
0.744 0
0.745 0
0.746 0
0.747 0
0.748 0
0.749 0
0.75 0
0.751 0
0.752 0
0.753 0
0.754 0
0.755 0
0.756 0
0.757 0
0.758 0
0.759 0
0.76 0
0.761 0
0.762 0
0.763 0
0.764 0
0.765 0
0.766 0
0.767 0
0.768 0
0.769 0
0.77 0
0.771 0
0.772 0
0.773 0
0.774 0
0.775 0
0.776 0
0.777 0
0.778 0
0.779 0
0.78 0
0.781 0
0.782 0
0.783 0
0.784 0
0.785 0
0.786 0
0.787 0
0.788 0
0.789 0
0.79 0
0.791 0
0.792 0
0.793 0
0.794 0
0.795 0
0.796 0
0.797 0
0.798 0
0.799 0
0.8 0
0.801 0
0.802 0
0.803 0
0.804 0
0.805 0
0.806 0
0.807 0
0.808 0
0.809 0
0.81 0
0.811 0
0.812 0
0.813 0
0.814 0
0.815 0
0.816 0
0.817 0
0.818 0
0.819 0
0.82 0
0.821 0
0.822 0
0.823 0
0.824 0
0.825 0
0.826 0
0.827 0
0.828 0
0.829 0
0.83 0
0.831 0
0.832 0
0.833 0
0.834 0
0.835 0
0.836 0
0.837 0
0.838 0
0.839 0
0.84 0
0.841 0
0.842 0
0.843 0
0.844 0
0.845 0
0.846 0
0.847 0
0.848 0
0.849 0
0.85 0
0.851 0
0.852 0
0.853 0
0.854 0
0.855 0
0.856 0
0.857 0
0.858 0
0.859 0
0.86 0
0.861 0
0.862 0
0.863 0
0.864 0
0.865 0
0.866 0
0.867 0
0.868 0
0.869 0
0.87 0
0.871 0
0.872 0
0.873 0
