0 0
0.001 1.2207e-05
0.002 2.4707e-05
0.003 3.7477e-05
0.004 5.0498e-05
0.005 6.3746e-05
0.006 7.7201e-05
0.007 9.0843e-05
0.008 0.00010465
0.009 0.00011861
0.01 0.00013269
0.011 0.00014688
0.012 0.00016115
0.013 0.0001755
0.014 0.0001899
0.015 0.00020434
0.016 0.00021879
0.017 0.00023324
0.018 0.00024768
0.019 0.00026208
0.02 0.00027643
0.021 0.00029072
0.022 0.00030493
0.023 0.00031904
0.024 0.00033305
0.025 0.00034693
0.026 0.00036067
0.027 0.00037426
0.028 0.00038769
0.029 0.00040095
0.03 0.00041401
0.031 0.00042687
0.032 0.00043952
0.033 0.00045195
0.034 0.00046414
0.035 0.00047608
0.036 0.00048777
0.037 0.00049919
0.038 0.00051034
0.039 0.0005212
0.04 0.00053177
0.041 0.00054203
0.042 0.00055199
0.043 0.00056162
0.044 0.00057094
0.045 0.00057992
0.046 0.00058856
0.047 0.00059685
0.048 0.00060479
0.049 0.00061238
0.05 0.0006196
0.051 0.00062646
0.052 0.00063294
0.053 0.00063905
0.054 0.00064477
0.055 0.00065012
0.056 0.00065507
0.057 0.00065964
0.058 0.00066381
0.059 0.00066759
0.06 0.00067098
0.061 0.00067397
0.062 0.00067655
0.063 0.00067874
0.064 0.00068054
0.065 0.00068193
0.066 0.00068292
0.067 0.00068351
0.068 0.00068371
0.069 0.0006836
0.07 0.00068326
0.071 0.00068269
0.072 0.00068192
0.073 0.00068094
0.074 0.00067976
0.075 0.00067839
0.076 0.00067683
0.077 0.00067509
0.078 0.00067317
0.079 0.00067109
0.08 0.00066884
0.081 0.00066643
0.082 0.00066388
0.083 0.00066118
0.084 0.00065834
0.085 0.00065536
0.086 0.00065226
0.087 0.00064903
0.088 0.00064568
0.089 0.00064223
0.09 0.00063866
0.091 0.00063499
0.092 0.00063122
0.093 0.00062736
0.094 0.00062341
0.095 0.00061937
0.096 0.00061526
0.097 0.00061107
0.098 0.00060681
0.099 0.00060248
0.1 0.0005981
0.101 0.00059365
0.102 0.00058915
0.103 0.0005846
0.104 0.00058
0.105 0.00057536
0.106 0.00057068
0.107 0.00056597
0.108 0.00056122
0.109 0.00055645
0.11 0.00055165
0.111 0.00054683
0.112 0.00054199
0.113 0.00053714
0.114 0.00053227
0.115 0.00052739
0.116 0.00052251
0.117 0.00051762
0.118 0.00051273
0.119 0.00050784
0.12 0.00050295
0.121 0.00049807
0.122 0.0004932
0.123 0.00048834
0.124 0.00048349
0.125 0.00047865
0.126 0.00047383
0.127 0.00046903
0.128 0.00046425
0.129 0.00045948
0.13 0.00045475
0.131 0.00045003
0.132 0.00044534
0.133 0.00044068
0.134 0.00043605
0.135 0.00043145
0.136 0.00042687
0.137 0.00042233
0.138 0.00041782
0.139 0.00041334
0.14 0.0004089
0.141 0.00040449
0.142 0.00040012
0.143 0.00039578
0.144 0.00039148
0.145 0.00038721
0.146 0.00038298
0.147 0.00037878
0.148 0.00037462
0.149 0.0003705
0.15 0.00036641
0.151 0.00036236
0.152 0.00035834
0.153 0.00035436
0.154 0.00035041
0.155 0.0003465
0.156 0.00034262
0.157 0.00033877
0.158 0.00033495
0.159 0.00033116
0.16 0.0003274
0.161 0.00032367
0.162 0.00031996
0.163 0.00031628
0.164 0.00031262
0.165 0.00030899
0.166 0.00030538
0.167 0.00030178
0.168 0.00029821
0.169 0.00029464
0.17 0.0002911
0.171 0.00028756
0.172 0.00028403
0.173 0.00028051
0.174 0.000277
0.175 0.00027349
0.176 0.00026997
0.177 0.00026646
0.178 0.00026294
0.179 0.00025941
0.18 0.00025587
0.181 0.00025232
0.182 0.00024875
0.183 0.00024516
0.184 0.00024155
0.185 0.00023791
0.186 0.00023424
0.187 0.00023054
0.188 0.0002268
0.189 0.00022302
0.19 0.0002192
0.191 0.00021533
0.192 0.00021141
0.193 0.00020744
0.194 0.0002034
0.195 0.0001993
0.196 0.00019513
0.197 0.0001909
0.198 0.00018658
0.199 0.00018218
0.2 0.0001777
0.201 0.00017313
0.202 0.00016846
0.203 0.00016369
0.204 0.00015882
0.205 0.00015384
0.206 0.00014874
0.207 0.00014353
0.208 0.00013818
0.209 0.00013271
0.21 0.0001271
0.211 0.00012135
0.212 0.00011545
0.213 0.0001094
0.214 0.00010319
0.215 9.6813e-05
0.216 9.0267e-05
0.217 8.3544e-05
0.218 7.6638e-05
0.219 6.9542e-05
0.22 6.2252e-05
0.221 5.4759e-05
0.222 4.7058e-05
0.223 3.9141e-05
0.224 3.1003e-05
0.225 2.2636e-05
0.226 1.4034e-05
0.227 5.19e-06
0.228 -3.9038e-06
0.229 -1.3254e-05
0.23 -2.2868e-05
0.231 -3.2753e-05
0.232 -4.1951e-05
0.233 -4.9577e-05
0.234 -5.5742e-05
0.235 -6.0555e-05
0.236 -6.4122e-05
0.237 -6.6547e-05
0.238 -6.7931e-05
0.239 -6.8371e-05
0.24 -6.7962e-05
0.241 -6.6797e-05
0.242 -6.4963e-05
0.243 -6.2549e-05
0.244 -5.9636e-05
0.245 -5.6307e-05
0.246 -5.2638e-05
0.247 -4.8705e-05
0.248 -4.4579e-05
0.249 -4.0331e-05
0.25 -3.6027e-05
0.251 -3.1729e-05
0.252 -2.75e-05
0.253 -2.3397e-05
0.254 -1.9474e-05
0.255 -1.5785e-05
0.256 -1.2379e-05
0.257 -9.3013e-06
0.258 -6.5969e-06
0.259 -4.3064e-06
0.26 -2.4677e-06
0.261 -1.1159e-06
0.262 -2.8354e-07
0.263 1.5546e-16
0.264 0
0.265 0
0.266 0
0.267 0
0.268 0
0.269 0
0.27 0
0.271 0
0.272 0
0.273 0
0.274 0
0.275 0
0.276 0
0.277 0
0.278 0
0.279 0
0.28 0
0.281 0
0.282 0
0.283 0
0.284 0
0.285 0
0.286 0
0.287 0
0.288 0
0.289 0
0.29 0
0.291 0
0.292 0
0.293 0
0.294 0
0.295 0
0.296 0
0.297 0
0.298 0
0.299 0
0.3 0
0.301 0
0.302 0
0.303 0
0.304 0
0.305 0
0.306 0
0.307 0
0.308 0
0.309 0
0.31 0
0.311 0
0.312 0
0.313 0
0.314 0
0.315 0
0.316 0
0.317 0
0.318 0
0.319 0
0.32 0
0.321 0
0.322 0
0.323 0
0.324 0
0.325 0
0.326 0
0.327 0
0.328 0
0.329 0
0.33 0
0.331 0
0.332 0
0.333 0
0.334 0
0.335 0
0.336 0
0.337 0
0.338 0
0.339 0
0.34 0
0.341 0
0.342 0
0.343 0
0.344 0
0.345 0
0.346 0
0.347 0
0.348 0
0.349 0
0.35 0
0.351 0
0.352 0
0.353 0
0.354 0
0.355 0
0.356 0
0.357 0
0.358 0
0.359 0
0.36 0
0.361 0
0.362 0
0.363 0
0.364 0
0.365 0
0.366 0
0.367 0
0.368 0
0.369 0
0.37 0
0.371 0
0.372 0
0.373 0
0.374 0
0.375 0
0.376 0
0.377 0
0.378 0
0.379 0
0.38 0
0.381 0
0.382 0
0.383 0
0.384 0
0.385 0
0.386 0
0.387 0
0.388 0
0.389 0
0.39 0
0.391 0
0.392 0
0.393 0
0.394 0
0.395 0
0.396 0
0.397 0
0.398 0
0.399 0
0.4 0
0.401 0
0.402 0
0.403 0
0.404 0
0.405 0
0.406 0
0.407 0
0.408 0
0.409 0
0.41 0
0.411 0
0.412 0
0.413 0
0.414 0
0.415 0
0.416 0
0.417 0
0.418 0
0.419 0
0.42 0
0.421 0
0.422 0
0.423 0
0.424 0
0.425 0
0.426 0
0.427 0
0.428 0
0.429 0
0.43 0
0.431 0
0.432 0
0.433 0
0.434 0
0.435 0
0.436 0
0.437 0
0.438 0
0.439 0
0.44 0
0.441 0
0.442 0
0.443 0
0.444 0
0.445 0
0.446 0
0.447 0
0.448 0
0.449 0
0.45 0
0.451 0
0.452 0
0.453 0
0.454 0
0.455 0
0.456 0
0.457 0
0.458 0
0.459 0
0.46 0
0.461 0
0.462 0
0.463 0
0.464 0
0.465 0
0.466 0
0.467 0
0.468 0
0.469 0
0.47 0
0.471 0
0.472 0
0.473 0
0.474 0
0.475 0
0.476 0
0.477 0
0.478 0
0.479 0
0.48 0
0.481 0
0.482 0
0.483 0
0.484 0
0.485 0
0.486 0
0.487 0
0.488 0
0.489 0
0.49 0
0.491 0
0.492 0
0.493 0
0.494 0
0.495 0
0.496 0
0.497 0
0.498 0
0.499 0
0.5 0
0.501 0
0.502 0
0.503 0
0.504 0
0.505 0
0.506 0
0.507 0
0.508 0
0.509 0
0.51 0
0.511 0
0.512 0
0.513 0
0.514 0
0.515 0
0.516 0
0.517 0
0.518 0
0.519 0
0.52 0
0.521 0
0.522 0
0.523 0
0.524 0
0.525 0
0.526 0
0.527 0
0.528 0
0.529 0
0.53 0
0.531 0
0.532 0
0.533 0
0.534 0
0.535 0
0.536 0
0.537 0
0.538 0
0.539 0
0.54 0
0.541 0
0.542 0
0.543 0
0.544 0
0.545 0
0.546 0
0.547 0
0.548 0
0.549 0
0.55 0
0.551 0
0.552 0
0.553 0
0.554 0
0.555 0
0.556 0
0.557 0
0.558 0
0.559 0
0.56 0
0.561 0
0.562 0
0.563 0
0.564 0
0.565 0
0.566 0
0.567 0
0.568 0
0.569 0
0.57 0
0.571 0
0.572 0
0.573 0
0.574 0
0.575 0
0.576 0
0.577 0
0.578 0
0.579 0
0.58 0
0.581 0
0.582 0
0.583 0
0.584 0
0.585 0
0.586 0
0.587 0
0.588 0
0.589 0
0.59 0
0.591 0
0.592 0
0.593 0
0.594 0
0.595 0
0.596 0
0.597 0
0.598 0
0.599 0
0.6 0
0.601 0
0.602 0
0.603 0
0.604 0
0.605 0
0.606 0
0.607 0
0.608 0
0.609 0
0.61 0
0.611 0
0.612 0
0.613 0
0.614 0
0.615 0
0.616 0
0.617 0
0.618 0
0.619 0
0.62 0
0.621 0
0.622 0
0.623 0
0.624 0
0.625 0
0.626 0
0.627 0
0.628 0
0.629 0
0.63 0
0.631 0
0.632 0
0.633 0
0.634 0
0.635 0
0.636 0
0.637 0
0.638 0
0.639 0
0.64 0
0.641 0
0.642 0
0.643 0
0.644 0
0.645 0
0.646 0
0.647 0
0.648 0
0.649 0
0.65 0
0.651 0
0.652 0
0.653 0
0.654 0
0.655 0
0.656 0
0.657 0
0.658 0
0.659 0
0.66 0
0.661 0
0.662 0
0.663 0
0.664 0
0.665 0
0.666 0
0.667 0
0.668 0
0.669 0
0.67 0
0.671 0
0.672 0
0.673 0
0.674 0
0.675 0
0.676 0
0.677 0
0.678 0
0.679 0
0.68 0
0.681 0
0.682 0
0.683 0
0.684 0
0.685 0
0.686 0
0.687 0
0.688 0
0.689 0
0.69 0
0.691 0
0.692 0
0.693 0
0.694 0
0.695 0
0.696 0
0.697 0
0.698 0
0.699 0
0.7 0
0.701 0
0.702 0
0.703 0
0.704 0
0.705 0
0.706 0
0.707 0
0.708 0
0.709 0
