0 0
0.001 1.1817e-05
0.002 2.3947e-05
0.003 3.6368e-05
0.004 4.9056e-05
0.005 6.1988e-05
0.006 7.514e-05
0.007 8.8492e-05
0.008 0.00010202
0.009 0.0001157
0.01 0.00012952
0.011 0.00014346
0.012 0.00015748
0.013 0.00017158
0.014 0.00018574
0.015 0.00019993
0.016 0.00021414
0.017 0.00022835
0.018 0.00024255
0.019 0.0002567
0.02 0.00027081
0.021 0.00028485
0.022 0.00029881
0.023 0.00031267
0.024 0.00032641
0.025 0.00034003
0.026 0.0003535
0.027 0.00036682
0.028 0.00037997
0.029 0.00039294
0.03 0.00040571
0.031 0.00041828
0.032 0.00043063
0.033 0.00044276
0.034 0.00045464
0.035 0.00046628
0.036 0.00047765
0.037 0.00048876
0.038 0.00049959
0.039 0.00051013
0.04 0.00052038
0.041 0.00053033
0.042 0.00053997
0.043 0.0005493
0.044 0.0005583
0.045 0.00056698
0.046 0.00057532
0.047 0.00058332
0.048 0.00059099
0.049 0.0005983
0.05 0.00060527
0.051 0.00061188
0.052 0.00061813
0.053 0.00062403
0.054 0.00062957
0.055 0.00063474
0.056 0.00063954
0.057 0.00064399
0.058 0.00064807
0.059 0.00065178
0.06 0.00065513
0.061 0.00065812
0.062 0.00066074
0.063 0.00066301
0.064 0.00066491
0.065 0.00066647
0.066 0.00066767
0.067 0.00066852
0.068 0.00066903
0.069 0.00066919
0.07 0.00066906
0.071 0.00066866
0.072 0.00066802
0.073 0.00066712
0.074 0.00066599
0.075 0.00066463
0.076 0.00066305
0.077 0.00066126
0.078 0.00065926
0.079 0.00065707
0.08 0.00065468
0.081 0.00065212
0.082 0.00064938
0.083 0.00064647
0.084 0.0006434
0.085 0.00064018
0.086 0.00063681
0.087 0.00063331
0.088 0.00062967
0.089 0.0006259
0.09 0.00062202
0.091 0.00061802
0.092 0.00061391
0.093 0.0006097
0.094 0.0006054
0.095 0.00060101
0.096 0.00059654
0.097 0.00059199
0.098 0.00058736
0.099 0.00058267
0.1 0.00057792
0.101 0.00057312
0.102 0.00056826
0.103 0.00056335
0.104 0.00055841
0.105 0.00055343
0.106 0.00054842
0.107 0.00054338
0.108 0.00053832
0.109 0.00053324
0.11 0.00052815
0.111 0.00052304
0.112 0.00051794
0.113 0.00051283
0.114 0.00050772
0.115 0.00050262
0.116 0.00049752
0.117 0.00049244
0.118 0.00048738
0.119 0.00048233
0.12 0.00047731
0.121 0.00047231
0.122 0.00046735
0.123 0.00046241
0.124 0.0004575
0.125 0.00045264
0.126 0.00044781
0.127 0.00044302
0.128 0.00043827
0.129 0.00043357
0.13 0.00042892
0.131 0.00042432
0.132 0.00041976
0.133 0.00041526
0.134 0.00041082
0.135 0.00040643
0.136 0.00040209
0.137 0.00039782
0.138 0.0003936
0.139 0.00038945
0.14 0.00038535
0.141 0.00038132
0.142 0.00037735
0.143 0.00037344
0.144 0.00036959
0.145 0.00036581
0.146 0.0003621
0.147 0.00035844
0.148 0.00035485
0.149 0.00035133
0.15 0.00034787
0.151 0.00034447
0.152 0.00034113
0.153 0.00033786
0.154 0.00033464
0.155 0.00033149
0.156 0.0003284
0.157 0.00032536
0.158 0.00032239
0.159 0.00031947
0.16 0.0003166
0.161 0.00031379
0.162 0.00031103
0.163 0.00030832
0.164 0.00030565
0.165 0.00030304
0.166 0.00030047
0.167 0.00029794
0.168 0.00029544
0.169 0.00029299
0.17 0.00029057
0.171 0.00028819
0.172 0.00028583
0.173 0.0002835
0.174 0.00028119
0.175 0.00027891
0.176 0.00027664
0.177 0.00027439
0.178 0.00027214
0.179 0.00026991
0.18 0.00026768
0.181 0.00026545
0.182 0.00026321
0.183 0.00026097
0.184 0.00025871
0.185 0.00025644
0.186 0.00025415
0.187 0.00025183
0.188 0.00024949
0.189 0.00024711
0.19 0.00024469
0.191 0.00024223
0.192 0.00023972
0.193 0.00023715
0.194 0.00023453
0.195 0.00023184
0.196 0.00022909
0.197 0.00022626
0.198 0.00022335
0.199 0.00022035
0.2 0.00021726
0.201 0.00021407
0.202 0.00021078
0.203 0.00020738
0.204 0.00020386
0.205 0.00020021
0.206 0.00019644
0.207 0.00019253
0.208 0.00018848
0.209 0.00018428
0.21 0.00017992
0.211 0.0001754
0.212 0.0001707
0.213 0.00016583
0.214 0.00016077
0.215 0.00015552
0.216 0.00015007
0.217 0.0001444
0.218 0.00013852
0.219 0.00013242
0.22 0.00012608
0.221 0.0001195
0.222 0.00011268
0.223 0.00010559
0.224 9.8238e-05
0.225 9.0611e-05
0.226 8.2699e-05
0.227 7.4495e-05
0.228 6.5989e-05
0.229 5.7172e-05
0.23 4.8035e-05
0.231 3.8568e-05
0.232 2.8763e-05
0.233 1.8609e-05
0.234 8.0965e-06
0.235 -2.7837e-06
0.236 -1.4042e-05
0.237 -2.5688e-05
0.238 -3.6516e-05
0.239 -4.542e-05
0.24 -5.256e-05
0.241 -5.8087e-05
0.242 -6.2148e-05
0.243 -6.4885e-05
0.244 -6.6432e-05
0.245 -6.6919e-05
0.246 -6.6472e-05
0.247 -6.5209e-05
0.248 -6.3242e-05
0.249 -6.0679e-05
0.25 -5.7623e-05
0.251 -5.4169e-05
0.252 -5.0408e-05
0.253 -4.6425e-05
0.254 -4.2299e-05
0.255 -3.8105e-05
0.256 -3.3911e-05
0.257 -2.9779e-05
0.258 -2.5766e-05
0.259 -2.1923e-05
0.26 -1.8297e-05
0.261 -1.4928e-05
0.262 -1.1849e-05
0.263 -9.0911e-06
0.264 -6.6762e-06
0.265 -4.6226e-06
0.266 -2.9422e-06
0.267 -1.6416e-06
0.268 -7.2181e-07
0.269 -1.7803e-07
0.27 -6.0863e-16
0.271 0
0.272 0
0.273 0
0.274 0
0.275 0
0.276 0
0.277 0
0.278 0
0.279 0
0.28 0
0.281 0
0.282 0
0.283 0
0.284 0
0.285 0
0.286 0
0.287 0
0.288 0
0.289 0
0.29 0
0.291 0
0.292 0
0.293 0
0.294 0
0.295 0
0.296 0
0.297 0
0.298 0
0.299 0
0.3 0
0.301 0
0.302 0
0.303 0
0.304 0
0.305 0
0.306 0
0.307 0
0.308 0
0.309 0
0.31 0
0.311 0
0.312 0
0.313 0
0.314 0
0.315 0
0.316 0
0.317 0
0.318 0
0.319 0
0.32 0
0.321 0
0.322 0
0.323 0
0.324 0
0.325 0
0.326 0
0.327 0
0.328 0
0.329 0
0.33 0
0.331 0
0.332 0
0.333 0
0.334 0
0.335 0
0.336 0
0.337 0
0.338 0
0.339 0
0.34 0
0.341 0
0.342 0
0.343 0
0.344 0
0.345 0
0.346 0
0.347 0
0.348 0
0.349 0
0.35 0
0.351 0
0.352 0
0.353 0
0.354 0
0.355 0
0.356 0
0.357 0
0.358 0
0.359 0
0.36 0
0.361 0
0.362 0
0.363 0
0.364 0
0.365 0
0.366 0
0.367 0
0.368 0
0.369 0
0.37 0
0.371 0
0.372 0
0.373 0
0.374 0
0.375 0
0.376 0
0.377 0
0.378 0
0.379 0
0.38 0
0.381 0
0.382 0
0.383 0
0.384 0
0.385 0
0.386 0
0.387 0
0.388 0
0.389 0
0.39 0
0.391 0
0.392 0
0.393 0
0.394 0
0.395 0
0.396 0
0.397 0
0.398 0
0.399 0
0.4 0
0.401 0
0.402 0
0.403 0
0.404 0
0.405 0
0.406 0
0.407 0
0.408 0
0.409 0
0.41 0
0.411 0
0.412 0
0.413 0
0.414 0
0.415 0
0.416 0
0.417 0
0.418 0
0.419 0
0.42 0
0.421 0
0.422 0
0.423 0
0.424 0
0.425 0
0.426 0
0.427 0
0.428 0
0.429 0
0.43 0
0.431 0
0.432 0
0.433 0
0.434 0
0.435 0
0.436 0
0.437 0
0.438 0
0.439 0
0.44 0
0.441 0
0.442 0
0.443 0
0.444 0
0.445 0
0.446 0
0.447 0
0.448 0
0.449 0
0.45 0
0.451 0
0.452 0
0.453 0
0.454 0
0.455 0
0.456 0
0.457 0
0.458 0
0.459 0
0.46 0
0.461 0
0.462 0
0.463 0
0.464 0
0.465 0
0.466 0
0.467 0
0.468 0
0.469 0
0.47 0
0.471 0
0.472 0
0.473 0
0.474 0
0.475 0
0.476 0
0.477 0
0.478 0
0.479 0
0.48 0
0.481 0
0.482 0
0.483 0
0.484 0
0.485 0
0.486 0
0.487 0
0.488 0
0.489 0
0.49 0
0.491 0
0.492 0
0.493 0
0.494 0
0.495 0
0.496 0
0.497 0
0.498 0
0.499 0
0.5 0
0.501 0
0.502 0
0.503 0
0.504 0
0.505 0
0.506 0
0.507 0
0.508 0
0.509 0
0.51 0
0.511 0
0.512 0
0.513 0
0.514 0
0.515 0
0.516 0
0.517 0
0.518 0
0.519 0
0.52 0
0.521 0
0.522 0
0.523 0
0.524 0
0.525 0
0.526 0
0.527 0
0.528 0
0.529 0
0.53 0
0.531 0
0.532 0
0.533 0
0.534 0
0.535 0
0.536 0
0.537 0
0.538 0
0.539 0
0.54 0
0.541 0
0.542 0
0.543 0
0.544 0
0.545 0
0.546 0
0.547 0
0.548 0
0.549 0
0.55 0
0.551 0
0.552 0
0.553 0
0.554 0
0.555 0
0.556 0
0.557 0
0.558 0
0.559 0
0.56 0
0.561 0
0.562 0
0.563 0
0.564 0
0.565 0
0.566 0
0.567 0
0.568 0
0.569 0
0.57 0
0.571 0
0.572 0
0.573 0
0.574 0
0.575 0
0.576 0
0.577 0
0.578 0
0.579 0
0.58 0
0.581 0
0.582 0
0.583 0
0.584 0
0.585 0
0.586 0
0.587 0
0.588 0
0.589 0
0.59 0
0.591 0
0.592 0
0.593 0
0.594 0
0.595 0
0.596 0
0.597 0
0.598 0
0.599 0
0.6 0
0.601 0
0.602 0
0.603 0
0.604 0
0.605 0
0.606 0
0.607 0
0.608 0
0.609 0
0.61 0
0.611 0
0.612 0
0.613 0
0.614 0
0.615 0
0.616 0
0.617 0
0.618 0
0.619 0
0.62 0
0.621 0
0.622 0
0.623 0
0.624 0
0.625 0
0.626 0
0.627 0
0.628 0
0.629 0
0.63 0
0.631 0
0.632 0
0.633 0
0.634 0
0.635 0
0.636 0
0.637 0
0.638 0
0.639 0
0.64 0
0.641 0
0.642 0
0.643 0
0.644 0
0.645 0
0.646 0
0.647 0
0.648 0
0.649 0
0.65 0
0.651 0
0.652 0
0.653 0
0.654 0
0.655 0
0.656 0
0.657 0
0.658 0
0.659 0
0.66 0
0.661 0
0.662 0
0.663 0
0.664 0
0.665 0
0.666 0
0.667 0
0.668 0
0.669 0
0.67 0
0.671 0
0.672 0
0.673 0
0.674 0
0.675 0
0.676 0
0.677 0
0.678 0
0.679 0
0.68 0
0.681 0
0.682 0
0.683 0
0.684 0
0.685 0
0.686 0
0.687 0
0.688 0
0.689 0
0.69 0
0.691 0
0.692 0
0.693 0
0.694 0
0.695 0
0.696 0
0.697 0
0.698 0
0.699 0
0.7 0
0.701 0
0.702 0
0.703 0
0.704 0
0.705 0
0.706 0
0.707 0
0.708 0
0.709 0
0.71 0
0.711 0
0.712 0
0.713 0
0.714 0
0.715 0
0.716 0
0.717 0
0.718 0
0.719 0
0.72 0
0.721 0
0.722 0
0.723 0
0.724 0
0.725 0
0.726 0
0.727 0
0.728 0
0.729 0
0.73 0
0.731 0
0.732 0
0.733 0
0.734 0
0.735 0
0.736 0
0.737 0
0.738 0
0.739 0
0.74 0
0.741 0
0.742 0
0.743 0
0.744 0
0.745 0
0.746 0
0.747 0
0.748 0
0.749 0
0.75 0
0.751 0
0.752 0
0.753 0
0.754 0
0.755 0
0.756 0
0.757 0
0.758 0
0.759 0
0.76 0
0.761 0
0.762 0
0.763 0
0.764 0
0.765 0
0.766 0
0.767 0
0.768 0
0.769 0
0.77 0
0.771 0
0.772 0
0.773 0
0.774 0
0.775 0
0.776 0
0.777 0
0.778 0
0.779 0
0.78 0
0.781 0
0.782 0
