0 0
0.001 1.0495e-05
0.002 2.1187e-05
0.003 3.2065e-05
0.004 4.3118e-05
0.005 5.4331e-05
0.006 6.5695e-05
0.007 7.7197e-05
0.008 8.8825e-05
0.009 0.00010057
0.01 0.00011242
0.011 0.00012436
0.012 0.00013638
0.013 0.00014847
0.014 0.00016063
0.015 0.00017283
0.016 0.00018508
0.017 0.00019735
0.018 0.00020965
0.019 0.00022195
0.02 0.00023425
0.021 0.00024655
0.022 0.00025882
0.023 0.00027107
0.024 0.00028328
0.025 0.00029544
0.026 0.00030755
0.027 0.0003196
0.028 0.00033157
0.029 0.00034346
0.03 0.00035526
0.031 0.00036696
0.032 0.00037856
0.033 0.00039005
0.034 0.00040142
0.035 0.00041265
0.036 0.00042376
0.037 0.00043472
0.038 0.00044553
0.039 0.00045618
0.04 0.00046667
0.041 0.00047699
0.042 0.00048714
0.043 0.0004971
0.044 0.00050687
0.045 0.00051645
0.046 0.00052583
0.047 0.000535
0.048 0.00054396
0.049 0.00055271
0.05 0.00056123
0.051 0.00056952
0.052 0.00057758
0.053 0.00058541
0.054 0.00059299
0.055 0.00060033
0.056 0.00060741
0.057 0.00061424
0.058 0.00062082
0.059 0.00062712
0.06 0.00063317
0.061 0.00063894
0.062 0.00064444
0.063 0.00064966
0.064 0.0006546
0.065 0.00065926
0.066 0.00066363
0.067 0.00066772
0.068 0.00067151
0.069 0.00067501
0.07 0.00067821
0.071 0.00068112
0.072 0.00068373
0.073 0.00068603
0.074 0.00068803
0.075 0.00068973
0.076 0.00069112
0.077 0.0006922
0.078 0.00069298
0.079 0.00069344
0.08 0.0006936
0.081 0.0006935
0.082 0.00069323
0.083 0.00069278
0.084 0.00069215
0.085 0.00069136
0.086 0.0006904
0.087 0.00068929
0.088 0.00068802
0.089 0.00068661
0.09 0.00068505
0.091 0.00068334
0.092 0.0006815
0.093 0.00067953
0.094 0.00067744
0.095 0.00067522
0.096 0.00067288
0.097 0.00067042
0.098 0.00066785
0.099 0.00066518
0.1 0.0006624
0.101 0.00065953
0.102 0.00065655
0.103 0.00065349
0.104 0.00065034
0.105 0.0006471
0.106 0.00064378
0.107 0.00064039
0.108 0.00063692
0.109 0.00063338
0.11 0.00062978
0.111 0.00062611
0.112 0.00062238
0.113 0.00061859
0.114 0.00061475
0.115 0.00061085
0.116 0.00060691
0.117 0.00060293
0.118 0.0005989
0.119 0.00059483
0.12 0.00059073
0.121 0.00058659
0.122 0.00058243
0.123 0.00057823
0.124 0.00057401
0.125 0.00056977
0.126 0.0005655
0.127 0.00056122
0.128 0.00055692
0.129 0.00055261
0.13 0.00054829
0.131 0.00054396
0.132 0.00053962
0.133 0.00053528
0.134 0.00053093
0.135 0.00052659
0.136 0.00052225
0.137 0.00051791
0.138 0.00051357
0.139 0.00050924
0.14 0.00050493
0.141 0.00050062
0.142 0.00049632
0.143 0.00049204
0.144 0.00048778
0.145 0.00048353
0.146 0.00047929
0.147 0.00047508
0.148 0.00047089
0.149 0.00046672
0.15 0.00046258
0.151 0.00045846
0.152 0.00045436
0.153 0.00045029
0.154 0.00044625
0.155 0.00044224
0.156 0.00043826
0.157 0.00043431
0.158 0.00043038
0.159 0.00042649
0.16 0.00042264
0.161 0.00041881
0.162 0.00041502
0.163 0.00041126
0.164 0.00040754
0.165 0.00040385
0.166 0.0004002
0.167 0.00039658
0.168 0.000393
0.169 0.00038946
0.17 0.00038595
0.171 0.00038247
0.172 0.00037904
0.173 0.00037564
0.174 0.00037227
0.175 0.00036894
0.176 0.00036564
0.177 0.00036239
0.178 0.00035916
0.179 0.00035597
0.18 0.00035282
0.181 0.00034969
0.182 0.0003466
0.183 0.00034355
0.184 0.00034052
0.185 0.00033753
0.186 0.00033457
0.187 0.00033163
0.188 0.00032873
0.189 0.00032585
0.19 0.000323
0.191 0.00032017
0.192 0.00031738
0.193 0.0003146
0.194 0.00031184
0.195 0.00030911
0.196 0.0003064
0.197 0.0003037
0.198 0.00030103
0.199 0.00029837
0.2 0.00029572
0.201 0.00029308
0.202 0.00029046
0.203 0.00028784
0.204 0.00028523
0.205 0.00028263
0.206 0.00028003
0.207 0.00027744
0.208 0.00027484
0.209 0.00027224
0.21 0.00026964
0.211 0.00026703
0.212 0.00026442
0.213 0.00026179
0.214 0.00025915
0.215 0.00025649
0.216 0.00025382
0.217 0.00025113
0.218 0.00024841
0.219 0.00024567
0.22 0.0002429
0.221 0.0002401
0.222 0.00023727
0.223 0.00023441
0.224 0.0002315
0.225 0.00022855
0.226 0.00022556
0.227 0.00022252
0.228 0.00021943
0.229 0.00021629
0.23 0.00021309
0.231 0.00020983
0.232 0.0002065
0.233 0.00020311
0.234 0.00019965
0.235 0.00019612
0.236 0.00019251
0.237 0.00018882
0.238 0.00018505
0.239 0.00018119
0.24 0.00017724
0.241 0.00017319
0.242 0.00016904
0.243 0.0001648
0.244 0.00016044
0.245 0.00015598
0.246 0.0001514
0.247 0.0001467
0.248 0.00014188
0.249 0.00013693
0.25 0.00013185
0.251 0.00012664
0.252 0.00012128
0.253 0.00011579
0.254 0.00011014
0.255 0.00010434
0.256 9.8383e-05
0.257 9.2263e-05
0.258 8.5977e-05
0.259 7.952e-05
0.26 7.2886e-05
0.261 6.607e-05
0.262 5.9069e-05
0.263 5.1876e-05
0.264 4.4488e-05
0.265 3.6898e-05
0.266 2.9102e-05
0.267 2.1095e-05
0.268 1.2872e-05
0.269 4.426e-06
0.27 -4.2467e-06
0.271 -1.3152e-05
0.272 -2.2295e-05
0.273 -3.1682e-05
0.274 -4.0482e-05
0.275 -4.7923e-05
0.276 -5.4097e-05
0.277 -5.9093e-05
0.278 -6.2999e-05
0.279 -6.5898e-05
0.28 -6.7872e-05
0.281 -6.9e-05
0.282 -6.936e-05
0.283 -6.9024e-05
0.284 -6.8066e-05
0.285 -6.6555e-05
0.286 -6.4556e-05
0.287 -6.2134e-05
0.288 -5.9351e-05
0.289 -5.6267e-05
0.29 -5.2937e-05
0.291 -4.9417e-05
0.292 -4.5757e-05
0.293 -4.2007e-05
0.294 -3.8213e-05
0.295 -3.4421e-05
0.296 -3.067e-05
0.297 -2.7002e-05
0.298 -2.3452e-05
0.299 -2.0054e-05
0.3 -1.684e-05
0.301 -1.3839e-05
0.302 -1.1079e-05
0.303 -8.5822e-06
0.304 -6.3712e-06
0.305 -4.465e-06
0.306 -2.8802e-06
0.307 -1.631e-06
0.308 -7.2887e-07
0.309 -1.83e-07
0.31 6.3082e-16
0.311 0
0.312 0
0.313 0
0.314 0
0.315 0
0.316 0
0.317 0
0.318 0
0.319 0
0.32 0
0.321 0
0.322 0
0.323 0
0.324 0
0.325 0
0.326 0
0.327 0
0.328 0
0.329 0
0.33 0
0.331 0
0.332 0
0.333 0
0.334 0
0.335 0
0.336 0
0.337 0
0.338 0
0.339 0
0.34 0
0.341 0
0.342 0
0.343 0
0.344 0
0.345 0
0.346 0
0.347 0
0.348 0
0.349 0
0.35 0
0.351 0
0.352 0
0.353 0
0.354 0
0.355 0
0.356 0
0.357 0
0.358 0
0.359 0
0.36 0
0.361 0
0.362 0
0.363 0
0.364 0
0.365 0
0.366 0
0.367 0
0.368 0
0.369 0
0.37 0
0.371 0
0.372 0
0.373 0
0.374 0
0.375 0
0.376 0
0.377 0
0.378 0
0.379 0
0.38 0
0.381 0
0.382 0
0.383 0
0.384 0
0.385 0
0.386 0
0.387 0
0.388 0
0.389 0
0.39 0
0.391 0
0.392 0
0.393 0
0.394 0
0.395 0
0.396 0
0.397 0
0.398 0
0.399 0
0.4 0
0.401 0
0.402 0
0.403 0
0.404 0
0.405 0
0.406 0
0.407 0
0.408 0
0.409 0
0.41 0
0.411 0
0.412 0
0.413 0
0.414 0
0.415 0
0.416 0
0.417 0
0.418 0
0.419 0
0.42 0
0.421 0
0.422 0
0.423 0
0.424 0
0.425 0
0.426 0
0.427 0
0.428 0
0.429 0
0.43 0
0.431 0
0.432 0
0.433 0
0.434 0
0.435 0
0.436 0
0.437 0
0.438 0
0.439 0
0.44 0
0.441 0
0.442 0
0.443 0
0.444 0
0.445 0
0.446 0
0.447 0
0.448 0
0.449 0
0.45 0
0.451 0
0.452 0
0.453 0
0.454 0
0.455 0
0.456 0
0.457 0
0.458 0
0.459 0
0.46 0
0.461 0
0.462 0
0.463 0
0.464 0
0.465 0
0.466 0
0.467 0
0.468 0
0.469 0
0.47 0
0.471 0
0.472 0
0.473 0
0.474 0
0.475 0
0.476 0
0.477 0
0.478 0
0.479 0
0.48 0
0.481 0
0.482 0
0.483 0
0.484 0
0.485 0
0.486 0
0.487 0
0.488 0
0.489 0
0.49 0
0.491 0
0.492 0
0.493 0
0.494 0
0.495 0
0.496 0
0.497 0
0.498 0
0.499 0
0.5 0
0.501 0
0.502 0
0.503 0
0.504 0
0.505 0
0.506 0
0.507 0
0.508 0
0.509 0
0.51 0
0.511 0
0.512 0
0.513 0
0.514 0
0.515 0
0.516 0
0.517 0
0.518 0
0.519 0
0.52 0
0.521 0
0.522 0
0.523 0
0.524 0
0.525 0
0.526 0
0.527 0
0.528 0
0.529 0
0.53 0
0.531 0
0.532 0
0.533 0
0.534 0
0.535 0
0.536 0
0.537 0
0.538 0
0.539 0
0.54 0
0.541 0
0.542 0
0.543 0
0.544 0
0.545 0
0.546 0
0.547 0
0.548 0
0.549 0
0.55 0
0.551 0
0.552 0
0.553 0
0.554 0
0.555 0
0.556 0
0.557 0
0.558 0
0.559 0
0.56 0
0.561 0
0.562 0
0.563 0
0.564 0
0.565 0
0.566 0
0.567 0
0.568 0
0.569 0
0.57 0
0.571 0
0.572 0
0.573 0
0.574 0
0.575 0
0.576 0
0.577 0
0.578 0
0.579 0
0.58 0
0.581 0
0.582 0
0.583 0
0.584 0
0.585 0
0.586 0
0.587 0
0.588 0
0.589 0
0.59 0
0.591 0
0.592 0
0.593 0
0.594 0
0.595 0
0.596 0
0.597 0
0.598 0
0.599 0
0.6 0
0.601 0
0.602 0
0.603 0
0.604 0
0.605 0
0.606 0
0.607 0
0.608 0
0.609 0
0.61 0
0.611 0
0.612 0
0.613 0
0.614 0
0.615 0
0.616 0
0.617 0
0.618 0
0.619 0
0.62 0
0.621 0
0.622 0
0.623 0
0.624 0
0.625 0
0.626 0
0.627 0
0.628 0
0.629 0
0.63 0
0.631 0
0.632 0
0.633 0
0.634 0
0.635 0
0.636 0
0.637 0
0.638 0
0.639 0
0.64 0
0.641 0
0.642 0
0.643 0
0.644 0
0.645 0
0.646 0
0.647 0
0.648 0
0.649 0
0.65 0
0.651 0
0.652 0
0.653 0
0.654 0
0.655 0
0.656 0
0.657 0
0.658 0
0.659 0
0.66 0
0.661 0
0.662 0
0.663 0
0.664 0
0.665 0
0.666 0
0.667 0
0.668 0
0.669 0
0.67 0
0.671 0
0.672 0
0.673 0
0.674 0
0.675 0
0.676 0
0.677 0
0.678 0
0.679 0
0.68 0
0.681 0
0.682 0
0.683 0
0.684 0
0.685 0
0.686 0
0.687 0
0.688 0
0.689 0
0.69 0
0.691 0
0.692 0
0.693 0
0.694 0
0.695 0
0.696 0
0.697 0
0.698 0
0.699 0
0.7 0
0.701 0
0.702 0
0.703 0
0.704 0
0.705 0
0.706 0
0.707 0
0.708 0
0.709 0
0.71 0
0.711 0
0.712 0
0.713 0
0.714 0
0.715 0
0.716 0
0.717 0
0.718 0
0.719 0
0.72 0
0.721 0
0.722 0
0.723 0
0.724 0
0.725 0
0.726 0
0.727 0
0.728 0
0.729 0
0.73 0
0.731 0
0.732 0
0.733 0
0.734 0
0.735 0
0.736 0
0.737 0
0.738 0
0.739 0
0.74 0
0.741 0
0.742 0
0.743 0
0.744 0
0.745 0
0.746 0
0.747 0
0.748 0
0.749 0
0.75 0
0.751 0
0.752 0
0.753 0
0.754 0
0.755 0
0.756 0
0.757 0
0.758 0
0.759 0
0.76 0
0.761 0
0.762 0
0.763 0
0.764 0
0.765 0
0.766 0
0.767 0
0.768 0
0.769 0
0.77 0
0.771 0
0.772 0
0.773 0
0.774 0
0.775 0
0.776 0
0.777 0
0.778 0
0.779 0
0.78 0
0.781 0
0.782 0
0.783 0
0.784 0
0.785 0
0.786 0
0.787 0
0.788 0
0.789 0
0.79 0
0.791 0
0.792 0
0.793 0
0.794 0
0.795 0
0.796 0
0.797 0
0.798 0
0.799 0
0.8 0
0.801 0
0.802 0
0.803 0
0.804 0
0.805 0
0.806 0
0.807 0
0.808 0
0.809 0
0.81 0
0.811 0
0.812 0
0.813 0
0.814 0
0.815 0
0.816 0
0.817 0
0.818 0
0.819 0
0.82 0
0.821 0
0.822 0
0.823 0
0.824 0
0.825 0
0.826 0
0.827 0
0.828 0
0.829 0
0.83 0
0.831 0
0.832 0
0.833 0
0.834 0
0.835 0
0.836 0
0.837 0
0.838 0
0.839 0
0.84 0
0.841 0
0.842 0
0.843 0
0.844 0
0.845 0
0.846 0
0.847 0
0.848 0
0.849 0
0.85 0
0.851 0
0.852 0
0.853 0
0.854 0
0.855 0
0.856 0
0.857 0
0.858 0
0.859 0
0.86 0
0.861 0
0.862 0
0.863 0
0.864 0
0.865 0
0.866 0
0.867 0
0.868 0
0.869 0
0.87 0
0.871 0
0.872 0
0.873 0
0.874 0
0.875 0
0.876 0
0.877 0
0.878 0
0.879 0
0.88 0
0.881 0
0.882 0
0.883 0
0.884 0
0.885 0
0.886 0
0.887 0
0.888 0
0.889 0
0.89 0
0.891 0
0.892 0
0.893 0
0.894 0
0.895 0
0.896 0
0.897 0
0.898 0
0.899 0
0.9 0
0.901 0
0.902 0
0.903 0
0.904 0
0.905 0
0.906 0
0.907 0
0.908 0
0.909 0
0.91 0
0.911 0
0.912 0
0.913 0
0.914 0
0.915 0
0.916 0
0.917 0
0.918 0
0.919 0
0.92 0
0.921 0
0.922 0
0.923 0
0.924 0
0.925 0
0.926 0
0.927 0
0.928 0
0.929 0
0.93 0
0.931 0
0.932 0
0.933 0
0.934 0
0.935 0
0.936 0
0.937 0
0.938 0
0.939 0
0.94 0
0.941 0
0.942 0
0.943 0
0.944 0
0.945 0
0.946 0
0.947 0
0.948 0
0.949 0
0.95 0
0.951 0
0.952 0
0.953 0
0.954 0
0.955 0
0.956 0
0.957 0
0.958 0
0.959 0
0.96 0
0.961 0
0.962 0
0.963 0
0.964 0
0.965 0
0.966 0
0.967 0
0.968 0
0.969 0
0.97 0
0.971 0
0.972 0
0.973 0
0.974 0
0.975 0
0.976 0
0.977 0
0.978 0
0.979 0
0.98 0
0.981 0
0.982 0
0.983 0
0.984 0
0.985 0
0.986 0
0.987 0
0.988 0
0.989 0
0.99 0
0.991 0
0.992 0
0.993 0
0.994 0
0.995 0
0.996 0
0.997 0
0.998 0
0.999 0
1 0
1.001 0
1.002 0
1.003 0
1.004 0
1.005 0
1.006 0
1.007 0
1.008 0
1.009 0
1.01 0
1.011 0
1.012 0
1.013 0
1.014 0
1.015 0
1.016 0
1.017 0
1.018 0
1.019 0
1.02 0
1.021 0
1.022 0
1.023 0
1.024 0
1.025 0
1.026 0
1.027 0
1.028 0
1.029 0
1.03 0
1.031 0
1.032 0
1.033 0
1.034 0
1.035 0
1.036 0
1.037 0
1.038 0
1.039 0
1.04 0
1.041 0
1.042 0
1.043 0
1.044 0
1.045 0
1.046 0
1.047 0
1.048 0
1.049 0
1.05 0
1.051 0
1.052 0
1.053 0
1.054 0
1.055 0
1.056 0
1.057 0
1.058 0
1.059 0
1.06 0
1.061 0
1.062 0
1.063 0
1.064 0
1.065 0
1.066 0
1.067 0
1.068 0
1.069 0
1.07 0
1.071 0
1.072 0
1.073 0
1.074 0
1.075 0
1.076 0
1.077 0
1.078 0
1.079 0
1.08 0
1.081 0
1.082 0
1.083 0
1.084 0
1.085 0
1.086 0
1.087 0
1.088 0
1.089 0
1.09 0
1.091 0
1.092 0
1.093 0
1.094 0
1.095 0
1.096 0
1.097 0
1.098 0
1.099 0
1.1 0
1.101 0
1.102 0
1.103 0
1.104 0
1.105 0
1.106 0
1.107 0
1.108 0
1.109 0
1.11 0
1.111 0
1.112 0
1.113 0
1.114 0
1.115 0
1.116 0
1.117 0
1.118 0
1.119 0
1.12 0
1.121 0
1.122 0
1.123 0
1.124 0
1.125 0
1.126 0
1.127 0
1.128 0
1.129 0
1.13 0
1.131 0
1.132 0
1.133 0
1.134 0
1.135 0
