0 0
0.001 11.596
0.002 23.429
0.003 35.482
0.004 47.741
0.005 60.19
0.006 72.814
0.007 85.598
0.008 98.529
0.009 111.59
0.01 124.77
0.011 138.05
0.012 151.43
0.013 164.88
0.014 178.39
0.015 191.95
0.016 205.55
0.017 219.18
0.018 232.82
0.019 246.46
0.02 260.08
0.021 273.68
0.022 287.25
0.023 300.77
0.024 314.23
0.025 327.62
0.026 340.94
0.027 354.16
0.028 367.28
0.029 380.29
0.03 393.18
0.031 405.94
0.032 418.56
0.033 431.03
0.034 443.34
0.035 455.49
0.036 467.45
0.037 479.24
0.038 490.83
0.039 502.22
0.04 513.4
0.041 524.36
0.042 535.1
0.043 545.61
0.044 555.88
0.045 565.91
0.046 575.68
0.047 585.2
0.048 594.45
0.049 603.43
0.05 612.14
0.051 620.56
0.052 628.7
0.053 636.54
0.054 644.09
0.055 651.34
0.056 658.27
0.057 664.9
0.058 671.22
0.059 677.21
0.06 682.88
0.061 688.23
0.062 693.25
0.063 697.93
0.064 702.28
0.065 706.29
0.066 709.96
0.067 713.29
0.068 716.27
0.069 718.91
0.07 721.2
0.071 723.14
0.072 724.73
0.073 725.96
0.074 726.85
0.075 727.38
0.076 727.55
0.077 727.45
0.078 727.15
0.079 726.66
0.08 725.97
0.081 725.1
0.082 724.05
0.083 722.83
0.084 721.45
0.085 719.89
0.086 718.18
0.087 716.32
0.088 714.31
0.089 712.15
0.09 709.86
0.091 707.43
0.092 704.87
0.093 702.19
0.094 699.39
0.095 696.47
0.096 693.44
0.097 690.3
0.098 687.06
0.099 683.72
0.1 680.28
0.101 676.75
0.102 673.14
0.103 669.44
0.104 665.67
0.105 661.82
0.106 657.89
0.107 653.9
0.108 649.85
0.109 645.73
0.11 641.56
0.111 637.33
0.112 633.05
0.113 628.73
0.114 624.36
0.115 619.95
0.116 615.5
0.117 611.01
0.118 606.5
0.119 601.95
0.12 597.38
0.121 592.79
0.122 588.17
0.123 583.54
0.124 578.89
0.125 574.23
0.126 569.56
0.127 564.88
0.128 560.2
0.129 555.51
0.13 550.82
0.131 546.13
0.132 541.44
0.133 536.76
0.134 532.09
0.135 527.42
0.136 522.76
0.137 518.12
0.138 513.49
0.139 508.88
0.14 504.28
0.141 499.71
0.142 495.15
0.143 490.61
0.144 486.1
0.145 481.61
0.146 477.15
0.147 472.71
0.148 468.31
0.149 463.93
0.15 459.57
0.151 455.25
0.152 450.96
0.153 446.71
0.154 442.48
0.155 438.29
0.156 434.13
0.157 430.01
0.158 425.92
0.159 421.87
0.16 417.85
0.161 413.87
0.162 409.92
0.163 406.01
0.164 402.13
0.165 398.29
0.166 394.49
0.167 390.72
0.168 386.99
0.169 383.29
0.17 379.63
0.171 376
0.172 372.41
0.173 368.85
0.174 365.32
0.175 361.83
0.176 358.37
0.177 354.93
0.178 351.53
0.179 348.16
0.18 344.81
0.181 341.5
0.182 338.21
0.183 334.94
0.184 331.7
0.185 328.48
0.186 325.28
0.187 322.1
0.188 318.93
0.189 315.79
0.19 312.66
0.191 309.54
0.192 306.44
0.193 303.34
0.194 300.25
0.195 297.17
0.196 294.1
0.197 291.02
0.198 287.95
0.199 284.87
0.2 281.79
0.201 278.7
0.202 275.6
0.203 272.49
0.204 269.37
0.205 266.23
0.206 263.08
0.207 259.9
0.208 256.69
0.209 253.46
0.21 250.2
0.211 246.9
0.212 243.57
0.213 240.2
0.214 236.79
0.215 233.33
0.216 229.82
0.217 226.27
0.218 222.65
0.219 218.98
0.22 215.24
0.221 211.44
0.222 207.57
0.223 203.63
0.224 199.61
0.225 195.51
0.226 191.32
0.227 187.05
0.228 182.68
0.229 178.22
0.23 173.65
0.231 168.98
0.232 164.21
0.233 159.32
0.234 154.31
0.235 149.17
0.236 143.92
0.237 138.53
0.238 133
0.239 127.33
0.24 121.52
0.241 115.56
0.242 109.44
0.243 103.16
0.244 96.72
0.245 90.107
0.246 83.318
0.247 76.349
0.248 69.194
0.249 61.847
0.25 54.305
0.251 46.56
0.252 38.607
0.253 30.442
0.254 22.057
0.255 13.448
0.256 4.609
0.257 -4.4664
0.258 -13.784
0.259 -23.349
0.26 -33.169
0.261 -42.381
0.262 -50.182
0.263 -56.666
0.264 -61.921
0.265 -66.035
0.266 -69.094
0.267 -71.18
0.268 -72.374
0.269 -72.755
0.27 -72.399
0.271 -71.38
0.272 -69.769
0.273 -67.636
0.274 -65.048
0.275 -62.07
0.276 -58.763
0.277 -55.19
0.278 -51.407
0.279 -47.47
0.28 -43.432
0.281 -39.346
0.282 -35.26
0.283 -31.219
0.284 -27.27
0.285 -23.454
0.286 -19.81
0.287 -16.376
0.288 -13.188
0.289 -10.278
0.29 -7.6776
0.291 -5.4146
0.292 -3.5154
0.293 -2.0039
0.294 -0.90162
0.295 -0.22797
0.296 -1.6543e-10
0.297 0
0.298 0
0.299 0
0.3 0
0.301 0
0.302 0
0.303 0
0.304 0
0.305 0
0.306 0
0.307 0
0.308 0
0.309 0
0.31 0
0.311 0
0.312 0
0.313 0
0.314 0
0.315 0
0.316 0
0.317 0
0.318 0
0.319 0
0.32 0
0.321 0
0.322 0
0.323 0
0.324 0
0.325 0
0.326 0
0.327 0
0.328 0
0.329 0
0.33 0
0.331 0
0.332 0
0.333 0
0.334 0
0.335 0
0.336 0
0.337 0
0.338 0
0.339 0
0.34 0
0.341 0
0.342 0
0.343 0
0.344 0
0.345 0
0.346 0
0.347 0
0.348 0
0.349 0
0.35 0
0.351 0
0.352 0
0.353 0
0.354 0
0.355 0
0.356 0
0.357 0
0.358 0
0.359 0
0.36 0
0.361 0
0.362 0
0.363 0
0.364 0
0.365 0
0.366 0
0.367 0
0.368 0
0.369 0
0.37 0
0.371 0
0.372 0
0.373 0
0.374 0
0.375 0
0.376 0
0.377 0
0.378 0
0.379 0
0.38 0
0.381 0
0.382 0
0.383 0
0.384 0
0.385 0
0.386 0
0.387 0
0.388 0
0.389 0
0.39 0
0.391 0
0.392 0
0.393 0
0.394 0
0.395 0
0.396 0
0.397 0
0.398 0
0.399 0
0.4 0
0.401 0
0.402 0
0.403 0
0.404 0
0.405 0
0.406 0
0.407 0
0.408 0
0.409 0
0.41 0
0.411 0
0.412 0
0.413 0
0.414 0
0.415 0
0.416 0
0.417 0
0.418 0
0.419 0
0.42 0
0.421 0
0.422 0
0.423 0
0.424 0
0.425 0
0.426 0
0.427 0
0.428 0
0.429 0
0.43 0
0.431 0
0.432 0
0.433 0
0.434 0
0.435 0
0.436 0
0.437 0
0.438 0
0.439 0
0.44 0
0.441 0
0.442 0
0.443 0
0.444 0
0.445 0
0.446 0
0.447 0
0.448 0
0.449 0
0.45 0
0.451 0
0.452 0
0.453 0
0.454 0
0.455 0
0.456 0
0.457 0
0.458 0
0.459 0
0.46 0
0.461 0
0.462 0
0.463 0
0.464 0
0.465 0
0.466 0
0.467 0
0.468 0
0.469 0
0.47 0
0.471 0
0.472 0
0.473 0
0.474 0
0.475 0
0.476 0
0.477 0
0.478 0
0.479 0
0.48 0
0.481 0
0.482 0
0.483 0
0.484 0
0.485 0
0.486 0
0.487 0
0.488 0
0.489 0
0.49 0
0.491 0
0.492 0
0.493 0
0.494 0
0.495 0
0.496 0
0.497 0
0.498 0
0.499 0
0.5 0
0.501 0
0.502 0
0.503 0
0.504 0
0.505 0
0.506 0
0.507 0
0.508 0
0.509 0
0.51 0
0.511 0
0.512 0
0.513 0
0.514 0
0.515 0
0.516 0
0.517 0
0.518 0
0.519 0
0.52 0
0.521 0
0.522 0
0.523 0
0.524 0
0.525 0
0.526 0
0.527 0
0.528 0
0.529 0
0.53 0
0.531 0
0.532 0
0.533 0
0.534 0
0.535 0
0.536 0
0.537 0
0.538 0
0.539 0
0.54 0
0.541 0
0.542 0
0.543 0
0.544 0
0.545 0
0.546 0
0.547 0
0.548 0
0.549 0
0.55 0
0.551 0
0.552 0
0.553 0
0.554 0
0.555 0
0.556 0
0.557 0
0.558 0
0.559 0
0.56 0
0.561 0
0.562 0
0.563 0
0.564 0
0.565 0
0.566 0
0.567 0
0.568 0
0.569 0
0.57 0
0.571 0
0.572 0
0.573 0
0.574 0
0.575 0
0.576 0
0.577 0
0.578 0
0.579 0
0.58 0
0.581 0
0.582 0
0.583 0
0.584 0
0.585 0
0.586 0
0.587 0
0.588 0
0.589 0
0.59 0
0.591 0
0.592 0
0.593 0
0.594 0
0.595 0
0.596 0
0.597 0
0.598 0
0.599 0
0.6 0
0.601 0
0.602 0
0.603 0
0.604 0
0.605 0
0.606 0
0.607 0
0.608 0
0.609 0
0.61 0
0.611 0
0.612 0
0.613 0
0.614 0
0.615 0
0.616 0
0.617 0
0.618 0
0.619 0
0.62 0
0.621 0
0.622 0
0.623 0
0.624 0
0.625 0
0.626 0
0.627 0
0.628 0
0.629 0
0.63 0
0.631 0
0.632 0
0.633 0
0.634 0
0.635 0
0.636 0
0.637 0
0.638 0
0.639 0
0.64 0
0.641 0
0.642 0
0.643 0
0.644 0
0.645 0
0.646 0
0.647 0
0.648 0
0.649 0
0.65 0
0.651 0
0.652 0
0.653 0
0.654 0
0.655 0
0.656 0
0.657 0
0.658 0
0.659 0
0.66 0
0.661 0
0.662 0
0.663 0
0.664 0
0.665 0
0.666 0
0.667 0
0.668 0
0.669 0
0.67 0
0.671 0
0.672 0
0.673 0
0.674 0
0.675 0
0.676 0
0.677 0
0.678 0
0.679 0
0.68 0
0.681 0
0.682 0
0.683 0
0.684 0
0.685 0
0.686 0
0.687 0
0.688 0
0.689 0
0.69 0
0.691 0
0.692 0
0.693 0
0.694 0
0.695 0
0.696 0
0.697 0
0.698 0
0.699 0
0.7 0
0.701 0
0.702 0
0.703 0
0.704 0
0.705 0
0.706 0
0.707 0
0.708 0
0.709 0
0.71 0
0.711 0
0.712 0
0.713 0
0.714 0
0.715 0
0.716 0
0.717 0
0.718 0
0.719 0
0.72 0
0.721 0
0.722 0
0.723 0
0.724 0
0.725 0
0.726 0
0.727 0
0.728 0
0.729 0
0.73 0
0.731 0
0.732 0
0.733 0
0.734 0
0.735 0
0.736 0
0.737 0
0.738 0
0.739 0
0.74 0
0.741 0
0.742 0
0.743 0
0.744 0
0.745 0
0.746 0
0.747 0
0.748 0
0.749 0
0.75 0
0.751 0
0.752 0
0.753 0
0.754 0
0.755 0
0.756 0
0.757 0
0.758 0
0.759 0
0.76 0
0.761 0
0.762 0
0.763 0
0.764 0
0.765 0
0.766 0
0.767 0
0.768 0
0.769 0
0.77 0
0.771 0
0.772 0
0.773 0
0.774 0
0.775 0
0.776 0
0.777 0
0.778 0
0.779 0
0.78 0
0.781 0
0.782 0
0.783 0
0.784 0
0.785 0
0.786 0
0.787 0
0.788 0
0.789 0
0.79 0
0.791 0
0.792 0
0.793 0
0.794 0
0.795 0
0.796 0
0.797 0
0.798 0
0.799 0
0.8 0
0.801 0
0.802 0
0.803 0
0.804 0
0.805 0
0.806 0
0.807 0
0.808 0
0.809 0
0.81 0
0.811 0
0.812 0
0.813 0
0.814 0
0.815 0
0.816 0
0.817 0
0.818 0
0.819 0
0.82 0
0.821 0
0.822 0
0.823 0
0.824 0
0.825 0
0.826 0
0.827 0
0.828 0
0.829 0
0.83 0
0.831 0
0.832 0
0.833 0
0.834 0
0.835 0
0.836 0
0.837 0
0.838 0
0.839 0
0.84 0
0.841 0
0.842 0
0.843 0
0.844 0
0.845 0
0.846 0
0.847 0
0.848 0
0.849 0
0.85 0
0.851 0
0.852 0
0.853 0
0.854 0
0.855 0
0.856 0
0.857 0
0.858 0
0.859 0
0.86 0
0.861 0
0.862 0
0.863 0
0.864 0
0.865 0
0.866 0
0.867 0
0.868 0
0.869 0
0.87 0
0.871 0
0.872 0
0.873 0
