0 0
0.001 11.475
0.002 23.213
0.003 35.193
0.004 47.394
0.005 59.796
0.006 72.379
0.007 85.124
0.008 98.012
0.009 111.02
0.01 124.14
0.011 137.34
0.012 150.61
0.013 163.94
0.014 177.29
0.015 190.67
0.016 204.04
0.017 217.4
0.018 230.72
0.019 244
0.02 257.21
0.021 270.35
0.022 283.39
0.023 296.32
0.024 309.13
0.025 321.8
0.026 334.32
0.027 346.68
0.028 358.86
0.029 370.86
0.03 382.65
0.031 394.22
0.032 405.58
0.033 416.69
0.034 427.56
0.035 438.17
0.036 448.5
0.037 458.56
0.038 468.33
0.039 477.8
0.04 486.96
0.041 495.81
0.042 504.33
0.043 512.51
0.044 520.35
0.045 527.84
0.046 534.98
0.047 541.75
0.048 548.14
0.049 554.16
0.05 559.8
0.051 565.04
0.052 569.89
0.053 574.34
0.054 578.38
0.055 582.01
0.056 585.23
0.057 588.03
0.058 590.41
0.059 592.36
0.06 593.88
0.061 594.97
0.062 595.62
0.063 595.84
0.064 595.72
0.065 595.38
0.066 594.81
0.067 594.02
0.068 593.03
0.069 591.84
0.07 590.46
0.071 588.89
0.072 587.13
0.073 585.21
0.074 583.12
0.075 580.87
0.076 578.46
0.077 575.91
0.078 573.21
0.079 570.38
0.08 567.42
0.081 564.34
0.082 561.14
0.083 557.83
0.084 554.41
0.085 550.88
0.086 547.27
0.087 543.56
0.088 539.76
0.089 535.89
0.09 531.94
0.091 527.91
0.092 523.82
0.093 519.67
0.094 515.47
0.095 511.2
0.096 506.89
0.097 502.54
0.098 498.14
0.099 493.71
0.1 489.25
0.101 484.75
0.102 480.23
0.103 475.69
0.104 471.13
0.105 466.56
0.106 461.97
0.107 457.37
0.108 452.77
0.109 448.17
0.11 443.57
0.111 438.96
0.112 434.37
0.113 429.78
0.114 425.2
0.115 420.64
0.116 416.09
0.117 411.55
0.118 407.04
0.119 402.54
0.12 398.07
0.121 393.62
0.122 389.2
0.123 384.8
0.124 380.43
0.125 376.1
0.126 371.79
0.127 367.51
0.128 363.27
0.129 359.06
0.13 354.89
0.131 350.75
0.132 346.65
0.133 342.58
0.134 338.54
0.135 334.55
0.136 330.59
0.137 326.67
0.138 322.78
0.139 318.93
0.14 315.12
0.141 311.34
0.142 307.59
0.143 303.89
0.144 300.21
0.145 296.57
0.146 292.95
0.147 289.37
0.148 285.82
0.149 282.3
0.15 278.81
0.151 275.34
0.152 271.89
0.153 268.47
0.154 265.06
0.155 261.68
0.156 258.31
0.157 254.96
0.158 251.62
0.159 248.29
0.16 244.97
0.161 241.65
0.162 238.34
0.163 235.02
0.164 231.7
0.165 228.38
0.166 225.05
0.167 221.71
0.168 218.35
0.169 214.97
0.17 211.57
0.171 208.15
0.172 204.69
0.173 201.21
0.174 197.69
0.175 194.12
0.176 190.51
0.177 186.86
0.178 183.15
0.179 179.38
0.18 175.55
0.181 171.66
0.182 167.69
0.183 163.65
0.184 159.52
0.185 155.31
0.186 151.01
0.187 146.62
0.188 142.12
0.189 137.52
0.19 132.8
0.191 127.96
0.192 123
0.193 117.92
0.194 112.69
0.195 107.33
0.196 101.81
0.197 96.148
0.198 90.321
0.199 84.328
0.2 78.161
0.201 71.814
0.202 65.281
0.203 58.554
0.204 51.627
0.205 44.492
0.206 37.143
0.207 29.571
0.208 21.771
0.209 13.733
0.21 5.4506
0.211 -3.0838
0.212 -11.878
0.213 -20.94
0.214 -30.279
0.215 -38.858
0.216 -45.739
0.217 -51.067
0.218 -54.983
0.219 -57.622
0.22 -59.114
0.221 -59.584
0.222 -59.153
0.223 -57.935
0.224 -56.041
0.225 -53.575
0.226 -50.636
0.227 -47.32
0.228 -43.716
0.229 -39.907
0.23 -35.974
0.231 -31.99
0.232 -28.024
0.233 -24.141
0.234 -20.398
0.235 -16.85
0.236 -13.546
0.237 -10.527
0.238 -7.8341
0.239 -5.4989
0.24 -3.55
0.241 -2.0103
0.242 -0.89772
0.243 -0.22507
0.244 6.7739e-10
0.245 0
0.246 0
0.247 0
0.248 0
0.249 0
0.25 0
0.251 0
0.252 0
0.253 0
0.254 0
0.255 0
0.256 0
0.257 0
0.258 0
0.259 0
0.26 0
0.261 0
0.262 0
0.263 0
0.264 0
0.265 0
0.266 0
0.267 0
0.268 0
0.269 0
0.27 0
0.271 0
0.272 0
0.273 0
0.274 0
0.275 0
0.276 0
0.277 0
0.278 0
0.279 0
0.28 0
0.281 0
0.282 0
0.283 0
0.284 0
0.285 0
0.286 0
0.287 0
0.288 0
0.289 0
0.29 0
0.291 0
0.292 0
0.293 0
0.294 0
0.295 0
0.296 0
0.297 0
0.298 0
0.299 0
0.3 0
0.301 0
0.302 0
0.303 0
0.304 0
0.305 0
0.306 0
0.307 0
0.308 0
0.309 0
0.31 0
0.311 0
0.312 0
0.313 0
0.314 0
0.315 0
0.316 0
0.317 0
0.318 0
0.319 0
0.32 0
0.321 0
0.322 0
0.323 0
0.324 0
0.325 0
0.326 0
0.327 0
0.328 0
0.329 0
0.33 0
0.331 0
0.332 0
0.333 0
0.334 0
0.335 0
0.336 0
0.337 0
0.338 0
0.339 0
0.34 0
0.341 0
0.342 0
0.343 0
0.344 0
0.345 0
0.346 0
0.347 0
0.348 0
0.349 0
0.35 0
0.351 0
0.352 0
0.353 0
0.354 0
0.355 0
0.356 0
0.357 0
0.358 0
0.359 0
0.36 0
0.361 0
0.362 0
0.363 0
0.364 0
0.365 0
0.366 0
0.367 0
0.368 0
0.369 0
0.37 0
0.371 0
0.372 0
0.373 0
0.374 0
0.375 0
0.376 0
0.377 0
0.378 0
0.379 0
0.38 0
0.381 0
0.382 0
0.383 0
0.384 0
0.385 0
0.386 0
0.387 0
0.388 0
0.389 0
0.39 0
0.391 0
0.392 0
0.393 0
0.394 0
0.395 0
0.396 0
0.397 0
0.398 0
0.399 0
0.4 0
0.401 0
0.402 0
0.403 0
0.404 0
0.405 0
0.406 0
0.407 0
0.408 0
0.409 0
0.41 0
0.411 0
0.412 0
0.413 0
0.414 0
0.415 0
0.416 0
0.417 0
0.418 0
0.419 0
0.42 0
0.421 0
0.422 0
0.423 0
0.424 0
0.425 0
0.426 0
0.427 0
0.428 0
0.429 0
0.43 0
0.431 0
0.432 0
0.433 0
0.434 0
0.435 0
0.436 0
0.437 0
0.438 0
0.439 0
0.44 0
0.441 0
0.442 0
0.443 0
0.444 0
0.445 0
0.446 0
0.447 0
0.448 0
0.449 0
0.45 0
0.451 0
0.452 0
0.453 0
0.454 0
0.455 0
0.456 0
0.457 0
0.458 0
0.459 0
0.46 0
0.461 0
0.462 0
0.463 0
0.464 0
0.465 0
0.466 0
0.467 0
0.468 0
0.469 0
0.47 0
0.471 0
0.472 0
0.473 0
0.474 0
0.475 0
0.476 0
0.477 0
0.478 0
0.479 0
0.48 0
0.481 0
0.482 0
0.483 0
0.484 0
0.485 0
0.486 0
0.487 0
0.488 0
0.489 0
0.49 0
0.491 0
0.492 0
0.493 0
0.494 0
0.495 0
0.496 0
0.497 0
0.498 0
0.499 0
0.5 0
0.501 0
0.502 0
0.503 0
0.504 0
0.505 0
0.506 0
0.507 0
0.508 0
0.509 0
0.51 0
0.511 0
0.512 0
0.513 0
0.514 0
0.515 0
0.516 0
0.517 0
0.518 0
0.519 0
0.52 0
0.521 0
0.522 0
0.523 0
0.524 0
0.525 0
0.526 0
0.527 0
0.528 0
0.529 0
0.53 0
0.531 0
0.532 0
0.533 0
0.534 0
0.535 0
0.536 0
0.537 0
0.538 0
0.539 0
0.54 0
0.541 0
0.542 0
0.543 0
0.544 0
0.545 0
0.546 0
0.547 0
0.548 0
0.549 0
0.55 0
0.551 0
0.552 0
0.553 0
0.554 0
0.555 0
0.556 0
0.557 0
0.558 0
0.559 0
0.56 0
0.561 0
0.562 0
0.563 0
0.564 0
0.565 0
0.566 0
0.567 0
0.568 0
0.569 0
0.57 0
0.571 0
0.572 0
0.573 0
0.574 0
0.575 0
0.576 0
0.577 0
0.578 0
0.579 0
0.58 0
0.581 0
0.582 0
0.583 0
0.584 0
0.585 0
0.586 0
0.587 0
0.588 0
0.589 0
0.59 0
0.591 0
0.592 0
0.593 0
0.594 0
0.595 0
0.596 0
0.597 0
0.598 0
0.599 0
0.6 0
0.601 0
0.602 0
0.603 0
0.604 0
0.605 0
0.606 0
0.607 0
0.608 0
0.609 0
0.61 0
0.611 0
0.612 0
0.613 0
0.614 0
0.615 0
0.616 0
0.617 0
0.618 0
0.619 0
0.62 0
0.621 0
0.622 0
0.623 0
0.624 0
0.625 0
0.626 0
0.627 0
0.628 0
0.629 0
0.63 0
0.631 0
0.632 0
0.633 0
0.634 0
0.635 0
0.636 0
0.637 0
0.638 0
0.639 0
0.64 0
0.641 0
0.642 0
0.643 0
0.644 0
0.645 0
0.646 0
0.647 0
0.648 0
0.649 0
0.65 0
0.651 0
0.652 0
0.653 0
0.654 0
0.655 0
0.656 0
0.657 0
0.658 0
0.659 0
0.66 0
0.661 0
0.662 0
0.663 0
0.664 0
0.665 0
0.666 0
0.667 0
0.668 0
0.669 0
0.67 0
0.671 0
0.672 0
0.673 0
0.674 0
0.675 0
0.676 0
0.677 0
0.678 0
0.679 0
0.68 0
0.681 0
0.682 0
0.683 0
0.684 0
0.685 0
0.686 0
0.687 0
0.688 0
0.689 0
0.69 0
0.691 0
0.692 0
0.693 0
0.694 0
0.695 0
0.696 0
0.697 0
0.698 0
0.699 0
0.7 0
0.701 0
0.702 0
0.703 0
0.704 0
0.705 0
0.706 0
0.707 0
0.708 0
0.709 0
