0 0
0.001 10.413
0.002 21.004
0.003 31.762
0.004 42.674
0.005 53.728
0.006 64.91
0.007 76.209
0.008 87.613
0.009 99.11
0.01 110.69
0.011 122.33
0.012 134.04
0.013 145.78
0.014 157.57
0.015 169.37
0.016 181.19
0.017 193.01
0.018 204.81
0.019 216.59
0.02 228.34
0.021 240.05
0.022 251.7
0.023 263.29
0.024 274.8
0.025 286.23
0.026 297.55
0.027 308.78
0.028 319.88
0.029 330.86
0.03 341.7
0.031 352.4
0.032 362.94
0.033 373.31
0.034 383.51
0.035 393.53
0.036 403.35
0.037 412.97
0.038 422.38
0.039 431.56
0.04 440.52
0.041 449.24
0.042 457.71
0.043 465.93
0.044 473.88
0.045 481.56
0.046 488.96
0.047 496.07
0.048 502.88
0.049 509.39
0.05 515.58
0.051 521.46
0.052 527.01
0.053 532.22
0.054 537.09
0.055 541.61
0.056 545.77
0.057 549.56
0.058 552.99
0.059 556.04
0.06 558.7
0.061 560.97
0.062 562.84
0.063 564.31
0.064 565.36
0.065 566
0.066 566.22
0.067 566.1
0.068 565.76
0.069 565.2
0.07 564.43
0.071 563.45
0.072 562.28
0.073 560.92
0.074 559.38
0.075 557.66
0.076 555.77
0.077 553.72
0.078 551.51
0.079 549.15
0.08 546.65
0.081 544.01
0.082 541.24
0.083 538.35
0.084 535.33
0.085 532.21
0.086 528.97
0.087 525.64
0.088 522.2
0.089 518.68
0.09 515.07
0.091 511.38
0.092 507.61
0.093 503.78
0.094 499.87
0.095 495.91
0.096 491.89
0.097 487.82
0.098 483.7
0.099 479.54
0.1 475.35
0.101 471.11
0.102 466.85
0.103 462.56
0.104 458.25
0.105 453.92
0.106 449.58
0.107 445.22
0.108 440.86
0.109 436.49
0.11 432.12
0.111 427.75
0.112 423.39
0.113 419.04
0.114 414.7
0.115 410.37
0.116 406.05
0.117 401.76
0.118 397.49
0.119 393.24
0.12 389.02
0.121 384.82
0.122 380.66
0.123 376.53
0.124 372.43
0.125 368.37
0.126 364.34
0.127 360.35
0.128 356.41
0.129 352.5
0.13 348.64
0.131 344.83
0.132 341.05
0.133 337.33
0.134 333.65
0.135 330.02
0.136 326.44
0.137 322.9
0.138 319.42
0.139 315.98
0.14 312.59
0.141 309.26
0.142 305.97
0.143 302.73
0.144 299.55
0.145 296.41
0.146 293.32
0.147 290.28
0.148 287.29
0.149 284.34
0.15 281.44
0.151 278.59
0.152 275.78
0.153 273.01
0.154 270.29
0.155 267.61
0.156 264.96
0.157 262.36
0.158 259.79
0.159 257.25
0.16 254.75
0.161 252.28
0.162 249.84
0.163 247.42
0.164 245.03
0.165 242.66
0.166 240.31
0.167 237.98
0.168 235.66
0.169 233.36
0.17 231.06
0.171 228.77
0.172 226.49
0.173 224.2
0.174 221.91
0.175 219.61
0.176 217.31
0.177 214.99
0.178 212.65
0.179 210.29
0.18 207.91
0.181 205.5
0.182 203.05
0.183 200.57
0.184 198.05
0.185 195.48
0.186 192.86
0.187 190.19
0.188 187.46
0.189 184.66
0.19 181.79
0.191 178.86
0.192 175.84
0.193 172.74
0.194 169.55
0.195 166.26
0.196 162.88
0.197 159.39
0.198 155.78
0.199 152.06
0.2 148.22
0.201 144.25
0.202 140.14
0.203 135.9
0.204 131.5
0.205 126.95
0.206 122.24
0.207 117.37
0.208 112.32
0.209 107.09
0.21 101.67
0.211 96.055
0.212 90.242
0.213 84.22
0.214 77.981
0.215 71.52
0.216 64.828
0.217 57.897
0.218 50.72
0.219 43.289
0.22 35.597
0.221 27.634
0.222 19.394
0.223 10.867
0.224 2.0463
0.225 -7.0777
0.226 -16.513
0.227 -26.269
0.228 -35.227
0.229 -42.379
0.23 -47.891
0.231 -51.922
0.232 -54.625
0.233 -56.145
0.234 -56.622
0.235 -56.188
0.236 -54.969
0.237 -53.085
0.238 -50.648
0.239 -47.764
0.24 -44.531
0.241 -41.044
0.242 -37.386
0.243 -33.639
0.244 -29.873
0.245 -26.156
0.246 -22.545
0.247 -19.094
0.248 -15.849
0.249 -12.848
0.25 -10.124
0.251 -7.7031
0.252 -5.604
0.253 -3.8393
0.254 -2.4147
0.255 -1.3294
0.256 -0.57579
0.257 -0.13963
0.258 -3.8623e-10
0.259 0
0.26 0
0.261 0
0.262 0
0.263 0
0.264 0
0.265 0
0.266 0
0.267 0
0.268 0
0.269 0
0.27 0
0.271 0
0.272 0
0.273 0
0.274 0
0.275 0
0.276 0
0.277 0
0.278 0
0.279 0
0.28 0
0.281 0
0.282 0
0.283 0
0.284 0
0.285 0
0.286 0
0.287 0
0.288 0
0.289 0
0.29 0
0.291 0
0.292 0
0.293 0
0.294 0
0.295 0
0.296 0
0.297 0
0.298 0
0.299 0
0.3 0
0.301 0
0.302 0
0.303 0
0.304 0
0.305 0
0.306 0
0.307 0
0.308 0
0.309 0
0.31 0
0.311 0
0.312 0
0.313 0
0.314 0
0.315 0
0.316 0
0.317 0
0.318 0
0.319 0
0.32 0
0.321 0
0.322 0
0.323 0
0.324 0
0.325 0
0.326 0
0.327 0
0.328 0
0.329 0
0.33 0
0.331 0
0.332 0
0.333 0
0.334 0
0.335 0
0.336 0
0.337 0
0.338 0
0.339 0
0.34 0
0.341 0
0.342 0
0.343 0
0.344 0
0.345 0
0.346 0
0.347 0
0.348 0
0.349 0
0.35 0
0.351 0
0.352 0
0.353 0
0.354 0
0.355 0
0.356 0
0.357 0
0.358 0
0.359 0
0.36 0
0.361 0
0.362 0
0.363 0
0.364 0
0.365 0
0.366 0
0.367 0
0.368 0
0.369 0
0.37 0
0.371 0
0.372 0
0.373 0
0.374 0
0.375 0
0.376 0
0.377 0
0.378 0
0.379 0
0.38 0
0.381 0
0.382 0
0.383 0
0.384 0
0.385 0
0.386 0
0.387 0
0.388 0
0.389 0
0.39 0
0.391 0
0.392 0
0.393 0
0.394 0
0.395 0
0.396 0
0.397 0
0.398 0
0.399 0
0.4 0
0.401 0
0.402 0
0.403 0
0.404 0
0.405 0
0.406 0
0.407 0
0.408 0
0.409 0
0.41 0
0.411 0
0.412 0
0.413 0
0.414 0
0.415 0
0.416 0
0.417 0
0.418 0
0.419 0
0.42 0
0.421 0
0.422 0
0.423 0
0.424 0
0.425 0
0.426 0
0.427 0
0.428 0
0.429 0
0.43 0
0.431 0
0.432 0
0.433 0
0.434 0
0.435 0
0.436 0
0.437 0
0.438 0
0.439 0
0.44 0
0.441 0
0.442 0
0.443 0
0.444 0
0.445 0
0.446 0
0.447 0
0.448 0
0.449 0
0.45 0
0.451 0
0.452 0
0.453 0
0.454 0
0.455 0
0.456 0
0.457 0
0.458 0
0.459 0
0.46 0
0.461 0
0.462 0
0.463 0
0.464 0
0.465 0
0.466 0
0.467 0
0.468 0
0.469 0
0.47 0
0.471 0
0.472 0
0.473 0
0.474 0
0.475 0
0.476 0
0.477 0
0.478 0
0.479 0
0.48 0
0.481 0
0.482 0
0.483 0
0.484 0
0.485 0
0.486 0
0.487 0
0.488 0
0.489 0
0.49 0
0.491 0
0.492 0
0.493 0
0.494 0
0.495 0
0.496 0
0.497 0
0.498 0
0.499 0
0.5 0
0.501 0
0.502 0
0.503 0
0.504 0
0.505 0
0.506 0
0.507 0
0.508 0
0.509 0
0.51 0
0.511 0
0.512 0
0.513 0
0.514 0
0.515 0
0.516 0
0.517 0
0.518 0
0.519 0
0.52 0
0.521 0
0.522 0
0.523 0
0.524 0
0.525 0
0.526 0
0.527 0
0.528 0
0.529 0
0.53 0
0.531 0
0.532 0
0.533 0
0.534 0
0.535 0
0.536 0
0.537 0
0.538 0
0.539 0
0.54 0
0.541 0
0.542 0
0.543 0
0.544 0
0.545 0
0.546 0
0.547 0
0.548 0
0.549 0
0.55 0
0.551 0
0.552 0
0.553 0
0.554 0
0.555 0
0.556 0
0.557 0
0.558 0
0.559 0
0.56 0
0.561 0
0.562 0
0.563 0
0.564 0
0.565 0
0.566 0
0.567 0
0.568 0
0.569 0
0.57 0
0.571 0
0.572 0
0.573 0
0.574 0
0.575 0
0.576 0
0.577 0
0.578 0
0.579 0
0.58 0
0.581 0
0.582 0
0.583 0
0.584 0
0.585 0
0.586 0
0.587 0
0.588 0
0.589 0
0.59 0
0.591 0
0.592 0
0.593 0
0.594 0
0.595 0
0.596 0
0.597 0
0.598 0
0.599 0
0.6 0
0.601 0
0.602 0
0.603 0
0.604 0
0.605 0
0.606 0
0.607 0
0.608 0
0.609 0
0.61 0
0.611 0
0.612 0
0.613 0
0.614 0
0.615 0
0.616 0
0.617 0
0.618 0
0.619 0
0.62 0
0.621 0
0.622 0
0.623 0
0.624 0
0.625 0
0.626 0
0.627 0
0.628 0
0.629 0
0.63 0
0.631 0
0.632 0
0.633 0
0.634 0
0.635 0
0.636 0
0.637 0
0.638 0
0.639 0
0.64 0
0.641 0
0.642 0
0.643 0
0.644 0
0.645 0
0.646 0
0.647 0
0.648 0
0.649 0
0.65 0
0.651 0
0.652 0
0.653 0
0.654 0
0.655 0
0.656 0
0.657 0
0.658 0
0.659 0
0.66 0
0.661 0
0.662 0
0.663 0
0.664 0
0.665 0
0.666 0
0.667 0
0.668 0
0.669 0
0.67 0
0.671 0
0.672 0
0.673 0
0.674 0
0.675 0
0.676 0
0.677 0
0.678 0
0.679 0
0.68 0
0.681 0
0.682 0
0.683 0
0.684 0
0.685 0
0.686 0
0.687 0
0.688 0
0.689 0
0.69 0
0.691 0
0.692 0
0.693 0
0.694 0
0.695 0
0.696 0
0.697 0
0.698 0
0.699 0
0.7 0
0.701 0
0.702 0
0.703 0
0.704 0
0.705 0
0.706 0
0.707 0
0.708 0
0.709 0
0.71 0
0.711 0
0.712 0
0.713 0
0.714 0
0.715 0
0.716 0
0.717 0
0.718 0
0.719 0
0.72 0
0.721 0
0.722 0
0.723 0
0.724 0
0.725 0
0.726 0
0.727 0
0.728 0
0.729 0
0.73 0
0.731 0
0.732 0
0.733 0
0.734 0
0.735 0
0.736 0
0.737 0
0.738 0
0.739 0
0.74 0
0.741 0
0.742 0
0.743 0
0.744 0
0.745 0
0.746 0
0.747 0
0.748 0
0.749 0
0.75 0
0.751 0
0.752 0
0.753 0
0.754 0
0.755 0
0.756 0
0.757 0
0.758 0
0.759 0
0.76 0
0.761 0
0.762 0
0.763 0
0.764 0
0.765 0
0.766 0
0.767 0
0.768 0
0.769 0
0.77 0
0.771 0
0.772 0
0.773 0
0.774 0
0.775 0
0.776 0
0.777 0
0.778 0
0.779 0
0.78 0
0.781 0
0.782 0
0.783 0
0.784 0
0.785 0
0.786 0
0.787 0
0.788 0
0.789 0
0.79 0
0.791 0
0.792 0
0.793 0
0.794 0
0.795 0
0.796 0
0.797 0
0.798 0
0.799 0
0.8 0
0.801 0
0.802 0
0.803 0
0.804 0
0.805 0
0.806 0
0.807 0
0.808 0
0.809 0
0.81 0
0.811 0
0.812 0
0.813 0
0.814 0
0.815 0
0.816 0
0.817 0
0.818 0
0.819 0
0.82 0
0.821 0
0.822 0
0.823 0
0.824 0
0.825 0
0.826 0
0.827 0
0.828 0
0.829 0
0.83 0
0.831 0
0.832 0
0.833 0
0.834 0
0.835 0
0.836 0
0.837 0
0.838 0
0.839 0
0.84 0
0.841 0
0.842 0
0.843 0
0.844 0
0.845 0
0.846 0
0.847 0
0.848 0
0.849 0
0.85 0
0.851 0
0.852 0
0.853 0
0.854 0
0.855 0
0.856 0
0.857 0
0.858 0
0.859 0
0.86 0
0.861 0
0.862 0
0.863 0
0.864 0
0.865 0
0.866 0
0.867 0
0.868 0
0.869 0
0.87 0
0.871 0
0.872 0
0.873 0
