0 0
0.001 10.684
0.002 21.653
0.003 32.884
0.004 44.356
0.005 56.049
0.006 67.942
0.007 80.014
0.008 92.246
0.009 104.62
0.01 117.11
0.011 129.71
0.012 142.39
0.013 155.14
0.014 167.94
0.015 180.78
0.016 193.63
0.017 206.47
0.018 219.31
0.019 232.11
0.02 244.87
0.021 257.56
0.022 270.18
0.023 282.71
0.024 295.14
0.025 307.45
0.026 319.63
0.027 331.68
0.028 343.57
0.029 355.29
0.03 366.84
0.031 378.21
0.032 389.38
0.033 400.34
0.034 411.08
0.035 421.6
0.036 431.89
0.037 441.93
0.038 451.72
0.039 461.26
0.04 470.53
0.041 479.52
0.042 488.24
0.043 496.67
0.044 504.81
0.045 512.66
0.046 520.2
0.047 527.44
0.048 534.37
0.049 540.98
0.05 547.28
0.051 553.26
0.052 558.91
0.053 564.24
0.054 569.25
0.055 573.93
0.056 578.27
0.057 582.29
0.058 585.98
0.059 589.34
0.06 592.36
0.061 595.06
0.062 597.44
0.063 599.49
0.064 601.21
0.065 602.61
0.066 603.7
0.067 604.47
0.068 604.93
0.069 605.08
0.07 604.98
0.071 604.68
0.072 604.2
0.073 603.52
0.074 602.67
0.075 601.65
0.076 600.45
0.077 599.1
0.078 597.58
0.079 595.92
0.08 594.1
0.081 592.15
0.082 590.06
0.083 587.83
0.084 585.48
0.085 583.01
0.086 580.42
0.087 577.72
0.088 574.91
0.089 572
0.09 568.98
0.091 565.88
0.092 562.68
0.093 559.4
0.094 556.03
0.095 552.59
0.096 549.08
0.097 545.49
0.098 541.84
0.099 538.12
0.1 534.35
0.101 530.53
0.102 526.65
0.103 522.72
0.104 518.75
0.105 514.74
0.106 510.69
0.107 506.61
0.108 502.5
0.109 498.36
0.11 494.19
0.111 490
0.112 485.79
0.113 481.56
0.114 477.33
0.115 473.07
0.116 468.81
0.117 464.55
0.118 460.28
0.119 456
0.12 451.73
0.121 447.46
0.122 443.2
0.123 438.94
0.124 434.69
0.125 430.45
0.126 426.22
0.127 422.01
0.128 417.81
0.129 413.63
0.13 409.47
0.131 405.32
0.132 401.2
0.133 397.11
0.134 393.03
0.135 388.98
0.136 384.96
0.137 380.96
0.138 376.99
0.139 373.05
0.14 369.14
0.141 365.26
0.142 361.41
0.143 357.59
0.144 353.81
0.145 350.05
0.146 346.33
0.147 342.64
0.148 338.98
0.149 335.35
0.15 331.76
0.151 328.2
0.152 324.67
0.153 321.18
0.154 317.71
0.155 314.28
0.156 310.88
0.157 307.51
0.158 304.17
0.159 300.85
0.16 297.57
0.161 294.32
0.162 291.09
0.163 287.88
0.164 284.7
0.165 281.55
0.166 278.42
0.167 275.31
0.168 272.21
0.169 269.14
0.17 266.08
0.171 263.04
0.172 260.01
0.173 257
0.174 253.99
0.175 251
0.176 248
0.177 245.02
0.178 242.03
0.179 239.05
0.18 236.06
0.181 233.07
0.182 230.07
0.183 227.06
0.184 224.04
0.185 221.01
0.186 217.96
0.187 214.88
0.188 211.79
0.189 208.67
0.19 205.52
0.191 202.34
0.192 199.12
0.193 195.87
0.194 192.57
0.195 189.23
0.196 185.84
0.197 182.4
0.198 178.9
0.199 175.35
0.2 171.73
0.201 168.05
0.202 164.29
0.203 160.46
0.204 156.55
0.205 152.56
0.206 148.48
0.207 144.32
0.208 140.05
0.209 135.69
0.21 131.22
0.211 126.64
0.212 121.95
0.213 117.15
0.214 112.22
0.215 107.16
0.216 101.96
0.217 96.636
0.218 91.164
0.219 85.544
0.22 79.771
0.221 73.839
0.222 67.744
0.223 61.479
0.224 55.04
0.225 48.42
0.226 41.614
0.227 34.617
0.228 27.421
0.229 20.022
0.23 12.414
0.231 4.59
0.232 -3.4556
0.233 -11.729
0.234 -20.237
0.235 -28.985
0.236 -37.126
0.237 -43.875
0.238 -49.331
0.239 -53.59
0.24 -56.747
0.241 -58.894
0.242 -60.119
0.243 -60.508
0.244 -60.146
0.245 -59.115
0.246 -57.492
0.247 -55.355
0.248 -52.777
0.249 -49.831
0.25 -46.584
0.251 -43.103
0.252 -39.452
0.253 -35.692
0.254 -31.883
0.255 -28.08
0.256 -24.337
0.257 -20.705
0.258 -17.234
0.259 -13.969
0.26 -10.955
0.261 -8.2314
0.262 -5.8381
0.263 -3.811
0.264 -2.1838
0.265 -0.98756
0.266 -0.25092
0.267 -2.0637e-10
0.268 0
0.269 0
0.27 0
0.271 0
0.272 0
0.273 0
0.274 0
0.275 0
0.276 0
0.277 0
0.278 0
0.279 0
0.28 0
0.281 0
0.282 0
0.283 0
0.284 0
0.285 0
0.286 0
0.287 0
0.288 0
0.289 0
0.29 0
0.291 0
0.292 0
0.293 0
0.294 0
0.295 0
0.296 0
0.297 0
0.298 0
0.299 0
0.3 0
0.301 0
0.302 0
0.303 0
0.304 0
0.305 0
0.306 0
0.307 0
0.308 0
0.309 0
0.31 0
0.311 0
0.312 0
0.313 0
0.314 0
0.315 0
0.316 0
0.317 0
0.318 0
0.319 0
0.32 0
0.321 0
0.322 0
0.323 0
0.324 0
0.325 0
0.326 0
0.327 0
0.328 0
0.329 0
0.33 0
0.331 0
0.332 0
0.333 0
0.334 0
0.335 0
0.336 0
0.337 0
0.338 0
0.339 0
0.34 0
0.341 0
0.342 0
0.343 0
0.344 0
0.345 0
0.346 0
0.347 0
0.348 0
0.349 0
0.35 0
0.351 0
0.352 0
0.353 0
0.354 0
0.355 0
0.356 0
0.357 0
0.358 0
0.359 0
0.36 0
0.361 0
0.362 0
0.363 0
0.364 0
0.365 0
0.366 0
0.367 0
0.368 0
0.369 0
0.37 0
0.371 0
0.372 0
0.373 0
0.374 0
0.375 0
0.376 0
0.377 0
0.378 0
0.379 0
0.38 0
0.381 0
0.382 0
0.383 0
0.384 0
0.385 0
0.386 0
0.387 0
0.388 0
0.389 0
0.39 0
0.391 0
0.392 0
0.393 0
0.394 0
0.395 0
0.396 0
0.397 0
0.398 0
0.399 0
0.4 0
0.401 0
0.402 0
0.403 0
0.404 0
0.405 0
0.406 0
0.407 0
0.408 0
0.409 0
0.41 0
0.411 0
0.412 0
0.413 0
0.414 0
0.415 0
0.416 0
0.417 0
0.418 0
0.419 0
0.42 0
0.421 0
0.422 0
0.423 0
0.424 0
0.425 0
0.426 0
0.427 0
0.428 0
0.429 0
0.43 0
0.431 0
0.432 0
0.433 0
0.434 0
0.435 0
0.436 0
0.437 0
0.438 0
0.439 0
0.44 0
0.441 0
0.442 0
0.443 0
0.444 0
0.445 0
0.446 0
0.447 0
0.448 0
0.449 0
0.45 0
0.451 0
0.452 0
0.453 0
0.454 0
0.455 0
0.456 0
0.457 0
0.458 0
0.459 0
0.46 0
0.461 0
0.462 0
0.463 0
0.464 0
0.465 0
0.466 0
0.467 0
0.468 0
0.469 0
0.47 0
0.471 0
0.472 0
0.473 0
0.474 0
0.475 0
0.476 0
0.477 0
0.478 0
0.479 0
0.48 0
0.481 0
0.482 0
0.483 0
0.484 0
0.485 0
0.486 0
0.487 0
0.488 0
0.489 0
0.49 0
0.491 0
0.492 0
0.493 0
0.494 0
0.495 0
0.496 0
0.497 0
0.498 0
0.499 0
0.5 0
0.501 0
0.502 0
0.503 0
0.504 0
0.505 0
0.506 0
0.507 0
0.508 0
0.509 0
0.51 0
0.511 0
0.512 0
0.513 0
0.514 0
0.515 0
0.516 0
0.517 0
0.518 0
0.519 0
0.52 0
0.521 0
0.522 0
0.523 0
0.524 0
0.525 0
0.526 0
0.527 0
0.528 0
0.529 0
0.53 0
0.531 0
0.532 0
0.533 0
0.534 0
0.535 0
0.536 0
0.537 0
0.538 0
0.539 0
0.54 0
0.541 0
0.542 0
0.543 0
0.544 0
0.545 0
0.546 0
0.547 0
0.548 0
0.549 0
0.55 0
0.551 0
0.552 0
0.553 0
0.554 0
0.555 0
0.556 0
0.557 0
0.558 0
0.559 0
0.56 0
0.561 0
0.562 0
0.563 0
0.564 0
0.565 0
0.566 0
0.567 0
0.568 0
0.569 0
0.57 0
0.571 0
0.572 0
0.573 0
0.574 0
0.575 0
0.576 0
0.577 0
0.578 0
0.579 0
0.58 0
0.581 0
0.582 0
0.583 0
0.584 0
0.585 0
0.586 0
0.587 0
0.588 0
0.589 0
0.59 0
0.591 0
0.592 0
0.593 0
0.594 0
0.595 0
0.596 0
0.597 0
0.598 0
0.599 0
0.6 0
0.601 0
0.602 0
0.603 0
0.604 0
0.605 0
0.606 0
0.607 0
0.608 0
0.609 0
0.61 0
0.611 0
0.612 0
0.613 0
0.614 0
0.615 0
0.616 0
0.617 0
0.618 0
0.619 0
0.62 0
0.621 0
0.622 0
0.623 0
0.624 0
0.625 0
0.626 0
0.627 0
0.628 0
0.629 0
0.63 0
0.631 0
0.632 0
0.633 0
0.634 0
0.635 0
0.636 0
0.637 0
0.638 0
0.639 0
0.64 0
0.641 0
0.642 0
0.643 0
0.644 0
0.645 0
0.646 0
0.647 0
0.648 0
0.649 0
0.65 0
0.651 0
0.652 0
0.653 0
0.654 0
0.655 0
0.656 0
0.657 0
0.658 0
0.659 0
0.66 0
0.661 0
0.662 0
0.663 0
0.664 0
0.665 0
0.666 0
0.667 0
0.668 0
0.669 0
0.67 0
0.671 0
0.672 0
0.673 0
0.674 0
0.675 0
0.676 0
0.677 0
0.678 0
0.679 0
0.68 0
0.681 0
0.682 0
0.683 0
0.684 0
0.685 0
0.686 0
0.687 0
0.688 0
0.689 0
0.69 0
0.691 0
0.692 0
0.693 0
0.694 0
0.695 0
0.696 0
0.697 0
0.698 0
0.699 0
0.7 0
0.701 0
0.702 0
0.703 0
0.704 0
0.705 0
0.706 0
0.707 0
0.708 0
0.709 0
0.71 0
0.711 0
0.712 0
0.713 0
0.714 0
0.715 0
0.716 0
0.717 0
0.718 0
0.719 0
0.72 0
0.721 0
0.722 0
0.723 0
0.724 0
0.725 0
0.726 0
0.727 0
0.728 0
0.729 0
0.73 0
0.731 0
0.732 0
0.733 0
0.734 0
0.735 0
0.736 0
0.737 0
0.738 0
0.739 0
0.74 0
0.741 0
0.742 0
0.743 0
0.744 0
0.745 0
0.746 0
0.747 0
0.748 0
0.749 0
0.75 0
0.751 0
0.752 0
0.753 0
0.754 0
0.755 0
0.756 0
0.757 0
0.758 0
0.759 0
0.76 0
0.761 0
0.762 0
0.763 0
0.764 0
0.765 0
0.766 0
0.767 0
0.768 0
0.769 0
0.77 0
0.771 0
0.772 0
0.773 0
0.774 0
0.775 0
0.776 0
0.777 0
0.778 0
0.779 0
0.78 0
0.781 0
0.782 0
0.783 0
0.784 0
0.785 0
0.786 0
0.787 0
0.788 0
0.789 0
0.79 0
0.791 0
0.792 0
0.793 0
0.794 0
0.795 0
0.796 0
0.797 0
0.798 0
0.799 0
0.8 0
0.801 0
0.802 0
0.803 0
0.804 0
0.805 0
0.806 0
0.807 0
0.808 0
0.809 0
0.81 0
0.811 0
0.812 0
0.813 0
0.814 0
0.815 0
0.816 0
0.817 0
0.818 0
0.819 0
0.82 0
0.821 0
0.822 0
0.823 0
0.824 0
0.825 0
0.826 0
0.827 0
0.828 0
0.829 0
0.83 0
0.831 0
0.832 0
0.833 0
0.834 0
0.835 0
0.836 0
0.837 0
0.838 0
0.839 0
0.84 0
0.841 0
0.842 0
0.843 0
0.844 0
0.845 0
0.846 0
0.847 0
0.848 0
0.849 0
0.85 0
0.851 0
0.852 0
0.853 0
0.854 0
0.855 0
0.856 0
0.857 0
0.858 0
0.859 0
0.86 0
0.861 0
0.862 0
0.863 0
0.864 0
0.865 0
0.866 0
0.867 0
0.868 0
0.869 0
0.87 0
0.871 0
0.872 0
0.873 0
