0 0
0.001 11.266
0.002 22.767
0.003 34.486
0.004 46.407
0.005 58.512
0.006 70.784
0.007 83.207
0.008 95.766
0.009 108.44
0.01 121.23
0.011 134.09
0.012 147.04
0.013 160.04
0.014 173.08
0.015 186.15
0.016 199.24
0.017 212.32
0.018 225.39
0.019 238.44
0.02 251.44
0.021 264.39
0.022 277.27
0.023 290.07
0.024 302.78
0.025 315.39
0.026 327.88
0.027 340.24
0.028 352.46
0.029 364.53
0.03 376.44
0.031 388.17
0.032 399.73
0.033 411.08
0.034 422.24
0.035 433.18
0.036 443.89
0.037 454.37
0.038 464.61
0.039 474.6
0.04 484.32
0.041 493.78
0.042 502.96
0.043 511.86
0.044 520.46
0.045 528.76
0.046 536.75
0.047 544.42
0.048 551.78
0.049 558.8
0.05 565.49
0.051 571.83
0.052 577.83
0.053 583.48
0.054 588.76
0.055 593.68
0.056 598.23
0.057 602.4
0.058 606.2
0.059 609.61
0.06 612.63
0.061 615.26
0.062 617.49
0.063 619.33
0.064 620.76
0.065 621.79
0.066 622.4
0.067 622.61
0.068 622.51
0.069 622.23
0.07 621.75
0.071 621.1
0.072 620.28
0.073 619.28
0.074 618.12
0.075 616.8
0.076 615.33
0.077 613.71
0.078 611.94
0.079 610.03
0.08 607.99
0.081 605.82
0.082 603.52
0.083 601.1
0.084 598.57
0.085 595.92
0.086 593.16
0.087 590.3
0.088 587.34
0.089 584.28
0.09 581.13
0.091 577.89
0.092 574.57
0.093 571.17
0.094 567.69
0.095 564.14
0.096 560.52
0.097 556.83
0.098 553.08
0.099 549.28
0.1 545.41
0.101 541.49
0.102 537.53
0.103 533.52
0.104 529.46
0.105 525.37
0.106 521.23
0.107 517.07
0.108 512.87
0.109 508.64
0.11 504.39
0.111 500.11
0.112 495.81
0.113 491.49
0.114 487.16
0.115 482.81
0.116 478.45
0.117 474.08
0.118 469.7
0.119 465.32
0.12 460.93
0.121 456.54
0.122 452.15
0.123 447.76
0.124 443.38
0.125 439
0.126 434.63
0.127 430.26
0.128 425.91
0.129 421.56
0.13 417.23
0.131 412.91
0.132 408.6
0.133 404.31
0.134 400.04
0.135 395.78
0.136 391.54
0.137 387.33
0.138 383.13
0.139 378.95
0.14 374.79
0.141 370.65
0.142 366.53
0.143 362.44
0.144 358.37
0.145 354.32
0.146 350.3
0.147 346.3
0.148 342.32
0.149 338.36
0.15 334.43
0.151 330.52
0.152 326.63
0.153 322.76
0.154 318.92
0.155 315.1
0.156 311.3
0.157 307.52
0.158 303.76
0.159 300.01
0.16 296.29
0.161 292.58
0.162 288.89
0.163 285.22
0.164 281.55
0.165 277.91
0.166 274.27
0.167 270.65
0.168 267.03
0.169 263.42
0.17 259.82
0.171 256.23
0.172 252.63
0.173 249.04
0.174 245.45
0.175 241.86
0.176 238.26
0.177 234.66
0.178 231.05
0.179 227.43
0.18 223.8
0.181 220.16
0.182 216.5
0.183 212.82
0.184 209.11
0.185 205.39
0.186 201.64
0.187 197.86
0.188 194.04
0.189 190.2
0.19 186.31
0.191 182.39
0.192 178.42
0.193 174.41
0.194 170.35
0.195 166.24
0.196 162.07
0.197 157.84
0.198 153.55
0.199 149.19
0.2 144.76
0.201 140.26
0.202 135.69
0.203 131.03
0.204 126.29
0.205 121.47
0.206 116.55
0.207 111.53
0.208 106.42
0.209 101.2
0.21 95.869
0.211 90.429
0.212 84.872
0.213 79.194
0.214 73.39
0.215 67.456
0.216 61.387
0.217 55.179
0.218 48.826
0.219 42.324
0.22 35.669
0.221 28.854
0.222 21.875
0.223 14.727
0.224 7.4052
0.225 -0.096351
0.226 -7.7826
0.227 -15.659
0.228 -23.731
0.229 -32.004
0.23 -39.714
0.231 -46.148
0.232 -51.383
0.233 -55.498
0.234 -58.568
0.235 -60.668
0.236 -61.875
0.237 -62.261
0.238 -61.899
0.239 -60.861
0.24 -59.218
0.241 -57.039
0.242 -54.394
0.243 -51.351
0.244 -47.977
0.245 -44.337
0.246 -40.497
0.247 -36.522
0.248 -32.474
0.249 -28.416
0.25 -24.409
0.251 -20.515
0.252 -16.791
0.253 -13.297
0.254 -10.091
0.255 -7.2292
0.256 -4.7672
0.257 -2.7598
0.258 -1.2611
0.259 -0.32381
0.26 0
0.261 0
0.262 0
0.263 0
0.264 0
0.265 0
0.266 0
0.267 0
0.268 0
0.269 0
0.27 0
0.271 0
0.272 0
0.273 0
0.274 0
0.275 0
0.276 0
0.277 0
0.278 0
0.279 0
0.28 0
0.281 0
0.282 0
0.283 0
0.284 0
0.285 0
0.286 0
0.287 0
0.288 0
0.289 0
0.29 0
0.291 0
0.292 0
0.293 0
0.294 0
0.295 0
0.296 0
0.297 0
0.298 0
0.299 0
0.3 0
0.301 0
0.302 0
0.303 0
0.304 0
0.305 0
0.306 0
0.307 0
0.308 0
0.309 0
0.31 0
0.311 0
0.312 0
0.313 0
0.314 0
0.315 0
0.316 0
0.317 0
0.318 0
0.319 0
0.32 0
0.321 0
0.322 0
0.323 0
0.324 0
0.325 0
0.326 0
0.327 0
0.328 0
0.329 0
0.33 0
0.331 0
0.332 0
0.333 0
0.334 0
0.335 0
0.336 0
0.337 0
0.338 0
0.339 0
0.34 0
0.341 0
0.342 0
0.343 0
0.344 0
0.345 0
0.346 0
0.347 0
0.348 0
0.349 0
0.35 0
0.351 0
0.352 0
0.353 0
0.354 0
0.355 0
0.356 0
0.357 0
0.358 0
0.359 0
0.36 0
0.361 0
0.362 0
0.363 0
0.364 0
0.365 0
0.366 0
0.367 0
0.368 0
0.369 0
0.37 0
0.371 0
0.372 0
0.373 0
0.374 0
0.375 0
0.376 0
0.377 0
0.378 0
0.379 0
0.38 0
0.381 0
0.382 0
0.383 0
0.384 0
0.385 0
0.386 0
0.387 0
0.388 0
0.389 0
0.39 0
0.391 0
0.392 0
0.393 0
0.394 0
0.395 0
0.396 0
0.397 0
0.398 0
0.399 0
0.4 0
0.401 0
0.402 0
0.403 0
0.404 0
0.405 0
0.406 0
0.407 0
0.408 0
0.409 0
0.41 0
0.411 0
0.412 0
0.413 0
0.414 0
0.415 0
0.416 0
0.417 0
0.418 0
0.419 0
0.42 0
0.421 0
0.422 0
0.423 0
0.424 0
0.425 0
0.426 0
0.427 0
0.428 0
0.429 0
0.43 0
0.431 0
0.432 0
0.433 0
0.434 0
0.435 0
0.436 0
0.437 0
0.438 0
0.439 0
0.44 0
0.441 0
0.442 0
0.443 0
0.444 0
0.445 0
0.446 0
0.447 0
0.448 0
0.449 0
0.45 0
0.451 0
0.452 0
0.453 0
0.454 0
0.455 0
0.456 0
0.457 0
0.458 0
0.459 0
0.46 0
0.461 0
0.462 0
0.463 0
0.464 0
0.465 0
0.466 0
0.467 0
0.468 0
0.469 0
0.47 0
0.471 0
0.472 0
0.473 0
0.474 0
0.475 0
0.476 0
0.477 0
0.478 0
0.479 0
0.48 0
0.481 0
0.482 0
0.483 0
0.484 0
0.485 0
0.486 0
0.487 0
0.488 0
0.489 0
0.49 0
0.491 0
0.492 0
0.493 0
0.494 0
0.495 0
0.496 0
0.497 0
0.498 0
0.499 0
0.5 0
0.501 0
0.502 0
0.503 0
0.504 0
0.505 0
0.506 0
0.507 0
0.508 0
0.509 0
0.51 0
0.511 0
0.512 0
0.513 0
0.514 0
0.515 0
0.516 0
0.517 0
0.518 0
0.519 0
0.52 0
0.521 0
0.522 0
0.523 0
0.524 0
0.525 0
0.526 0
0.527 0
0.528 0
0.529 0
0.53 0
0.531 0
0.532 0
0.533 0
0.534 0
0.535 0
0.536 0
0.537 0
0.538 0
0.539 0
0.54 0
0.541 0
0.542 0
0.543 0
0.544 0
0.545 0
0.546 0
0.547 0
0.548 0
0.549 0
0.55 0
0.551 0
0.552 0
0.553 0
0.554 0
0.555 0
0.556 0
0.557 0
0.558 0
0.559 0
0.56 0
0.561 0
0.562 0
0.563 0
0.564 0
0.565 0
0.566 0
0.567 0
0.568 0
0.569 0
0.57 0
0.571 0
0.572 0
0.573 0
0.574 0
0.575 0
0.576 0
0.577 0
0.578 0
0.579 0
0.58 0
0.581 0
0.582 0
0.583 0
0.584 0
0.585 0
0.586 0
0.587 0
0.588 0
0.589 0
0.59 0
0.591 0
0.592 0
0.593 0
0.594 0
0.595 0
0.596 0
0.597 0
0.598 0
0.599 0
0.6 0
0.601 0
0.602 0
0.603 0
0.604 0
0.605 0
0.606 0
0.607 0
0.608 0
0.609 0
0.61 0
0.611 0
0.612 0
0.613 0
0.614 0
0.615 0
0.616 0
0.617 0
0.618 0
0.619 0
0.62 0
0.621 0
0.622 0
0.623 0
0.624 0
0.625 0
0.626 0
0.627 0
0.628 0
0.629 0
0.63 0
0.631 0
0.632 0
0.633 0
0.634 0
0.635 0
0.636 0
0.637 0
0.638 0
0.639 0
0.64 0
0.641 0
0.642 0
0.643 0
0.644 0
0.645 0
0.646 0
0.647 0
0.648 0
0.649 0
0.65 0
0.651 0
0.652 0
0.653 0
0.654 0
0.655 0
0.656 0
0.657 0
0.658 0
0.659 0
0.66 0
0.661 0
0.662 0
0.663 0
0.664 0
0.665 0
0.666 0
0.667 0
0.668 0
0.669 0
0.67 0
0.671 0
0.672 0
0.673 0
0.674 0
0.675 0
0.676 0
0.677 0
0.678 0
0.679 0
0.68 0
0.681 0
0.682 0
0.683 0
0.684 0
0.685 0
0.686 0
0.687 0
0.688 0
0.689 0
0.69 0
0.691 0
0.692 0
0.693 0
0.694 0
0.695 0
0.696 0
0.697 0
0.698 0
0.699 0
0.7 0
0.701 0
0.702 0
0.703 0
0.704 0
0.705 0
0.706 0
0.707 0
0.708 0
0.709 0
0.71 0
0.711 0
0.712 0
0.713 0
0.714 0
0.715 0
0.716 0
0.717 0
0.718 0
0.719 0
0.72 0
0.721 0
0.722 0
0.723 0
0.724 0
0.725 0
0.726 0
0.727 0
0.728 0
0.729 0
0.73 0
0.731 0
0.732 0
0.733 0
0.734 0
0.735 0
0.736 0
0.737 0
0.738 0
0.739 0
0.74 0
0.741 0
0.742 0
0.743 0
0.744 0
0.745 0
0.746 0
0.747 0
0.748 0
0.749 0
0.75 0
0.751 0
0.752 0
0.753 0
0.754 0
0.755 0
0.756 0
0.757 0
0.758 0
0.759 0
0.76 0
0.761 0
0.762 0
0.763 0
0.764 0
0.765 0
0.766 0
0.767 0
0.768 0
0.769 0
0.77 0
0.771 0
0.772 0
0.773 0
0.774 0
0.775 0
0.776 0
0.777 0
0.778 0
0.779 0
0.78 0
0.781 0
0.782 0
