0 0
0.001 1.2643e-05
0.002 2.5649e-05
0.003 3.899e-05
0.004 5.2639e-05
0.005 6.657e-05
0.006 8.0754e-05
0.007 9.5168e-05
0.008 0.00010979
0.009 0.00012458
0.01 0.00013953
0.011 0.00015461
0.012 0.0001698
0.013 0.00018508
0.014 0.00020041
0.015 0.00021579
0.016 0.00023119
0.017 0.00024659
0.018 0.00026197
0.019 0.00027731
0.02 0.00029259
0.021 0.0003078
0.022 0.00032291
0.023 0.00033791
0.024 0.00035278
0.025 0.00036751
0.026 0.00038207
0.027 0.00039647
0.028 0.00041067
0.029 0.00042467
0.03 0.00043845
0.031 0.000452
0.032 0.0004653
0.033 0.00047836
0.034 0.00049115
0.035 0.00050366
0.036 0.00051588
0.037 0.00052781
0.038 0.00053943
0.039 0.00055073
0.04 0.00056171
0.041 0.00057237
0.042 0.00058268
0.043 0.00059265
0.044 0.00060227
0.045 0.00061154
0.046 0.00062044
0.047 0.00062898
0.048 0.00063715
0.049 0.00064494
0.05 0.00065237
0.051 0.00065941
0.052 0.00066608
0.053 0.00067236
0.054 0.00067827
0.055 0.00068379
0.056 0.00068893
0.057 0.0006937
0.058 0.00069808
0.059 0.00070209
0.06 0.00070573
0.061 0.00070899
0.062 0.00071189
0.063 0.00071442
0.064 0.0007166
0.065 0.00071842
0.066 0.0007199
0.067 0.00072104
0.068 0.00072184
0.069 0.00072231
0.07 0.00072247
0.071 0.00072235
0.072 0.000722
0.073 0.00072143
0.074 0.00072064
0.075 0.00071964
0.076 0.00071843
0.077 0.00071703
0.078 0.00071543
0.079 0.00071365
0.08 0.00071169
0.081 0.00070955
0.082 0.00070725
0.083 0.00070479
0.084 0.00070217
0.085 0.00069941
0.086 0.00069649
0.087 0.00069344
0.088 0.00069026
0.089 0.00068695
0.09 0.00068352
0.091 0.00067997
0.092 0.00067631
0.093 0.00067254
0.094 0.00066868
0.095 0.00066471
0.096 0.00066065
0.097 0.00065651
0.098 0.00065228
0.099 0.00064797
0.1 0.0006436
0.101 0.00063915
0.102 0.00063463
0.103 0.00063006
0.104 0.00062543
0.105 0.00062075
0.106 0.00061602
0.107 0.00061124
0.108 0.00060642
0.109 0.00060157
0.11 0.00059668
0.111 0.00059176
0.112 0.00058682
0.113 0.00058185
0.114 0.00057686
0.115 0.00057186
0.116 0.00056684
0.117 0.00056181
0.118 0.00055677
0.119 0.00055173
0.12 0.00054668
0.121 0.00054164
0.122 0.0005366
0.123 0.00053156
0.124 0.00052653
0.125 0.00052151
0.126 0.00051651
0.127 0.00051152
0.128 0.00050654
0.129 0.00050159
0.13 0.00049665
0.131 0.00049174
0.132 0.00048685
0.133 0.00048198
0.134 0.00047714
0.135 0.00047234
0.136 0.00046756
0.137 0.00046281
0.138 0.0004581
0.139 0.00045341
0.14 0.00044877
0.141 0.00044416
0.142 0.00043958
0.143 0.00043504
0.144 0.00043054
0.145 0.00042608
0.146 0.00042166
0.147 0.00041728
0.148 0.00041293
0.149 0.00040863
0.15 0.00040436
0.151 0.00040014
0.152 0.00039596
0.153 0.00039181
0.154 0.00038771
0.155 0.00038365
0.156 0.00037962
0.157 0.00037564
0.158 0.00037169
0.159 0.00036778
0.16 0.00036391
0.161 0.00036007
0.162 0.00035627
0.163 0.0003525
0.164 0.00034877
0.165 0.00034507
0.166 0.0003414
0.167 0.00033776
0.168 0.00033415
0.169 0.00033056
0.17 0.000327
0.171 0.00032347
0.172 0.00031995
0.173 0.00031646
0.174 0.00031298
0.175 0.00030952
0.176 0.00030608
0.177 0.00030265
0.178 0.00029922
0.179 0.00029581
0.18 0.0002924
0.181 0.00028899
0.182 0.00028558
0.183 0.00028217
0.184 0.00027875
0.185 0.00027533
0.186 0.00027189
0.187 0.00026844
0.188 0.00026498
0.189 0.00026149
0.19 0.00025798
0.191 0.00025444
0.192 0.00025087
0.193 0.00024727
0.194 0.00024363
0.195 0.00023994
0.196 0.00023622
0.197 0.00023244
0.198 0.00022861
0.199 0.00022472
0.2 0.00022077
0.201 0.00021676
0.202 0.00021268
0.203 0.00020852
0.204 0.00020428
0.205 0.00019996
0.206 0.00019556
0.207 0.00019106
0.208 0.00018646
0.209 0.00018176
0.21 0.00017695
0.211 0.00017203
0.212 0.00016699
0.213 0.00016183
0.214 0.00015655
0.215 0.00015112
0.216 0.00014556
0.217 0.00013986
0.218 0.000134
0.219 0.00012799
0.22 0.00012182
0.221 0.00011547
0.222 0.00010896
0.223 0.00010226
0.224 9.5379e-05
0.225 8.8305e-05
0.226 8.1031e-05
0.227 7.3551e-05
0.228 6.586e-05
0.229 5.7951e-05
0.23 4.9816e-05
0.231 4.1448e-05
0.232 3.2842e-05
0.233 2.399e-05
0.234 1.4885e-05
0.235 5.5203e-06
0.236 -4.1121e-06
0.237 -1.4019e-05
0.238 -2.4208e-05
0.239 -3.4687e-05
0.24 -4.4429e-05
0.241 -5.2488e-05
0.242 -5.899e-05
0.243 -6.4054e-05
0.244 -6.78e-05
0.245 -7.0341e-05
0.246 -7.1788e-05
0.247 -7.2247e-05
0.248 -7.1822e-05
0.249 -7.0611e-05
0.25 -6.8711e-05
0.251 -6.6214e-05
0.252 -6.3208e-05
0.253 -5.9778e-05
0.254 -5.6005e-05
0.255 -5.1966e-05
0.256 -4.7736e-05
0.257 -4.3384e-05
0.258 -3.8977e-05
0.259 -3.4578e-05
0.26 -3.0245e-05
0.261 -2.6035e-05
0.262 -2.1999e-05
0.263 -1.8185e-05
0.264 -1.4638e-05
0.265 -1.1399e-05
0.266 -8.5045e-06
0.267 -5.9884e-06
0.268 -3.8805e-06
0.269 -2.207e-06
0.27 -9.9041e-07
0.271 -2.4968e-07
0.272 1.6427e-16
0.273 0
0.274 0
0.275 0
0.276 0
0.277 0
0.278 0
0.279 0
0.28 0
0.281 0
0.282 0
0.283 0
0.284 0
0.285 0
0.286 0
0.287 0
0.288 0
0.289 0
0.29 0
0.291 0
0.292 0
0.293 0
0.294 0
0.295 0
0.296 0
0.297 0
0.298 0
0.299 0
0.3 0
0.301 0
0.302 0
0.303 0
0.304 0
0.305 0
0.306 0
0.307 0
0.308 0
0.309 0
0.31 0
0.311 0
0.312 0
0.313 0
0.314 0
0.315 0
0.316 0
0.317 0
0.318 0
0.319 0
0.32 0
0.321 0
0.322 0
0.323 0
0.324 0
0.325 0
0.326 0
0.327 0
0.328 0
0.329 0
0.33 0
0.331 0
0.332 0
0.333 0
0.334 0
0.335 0
0.336 0
0.337 0
0.338 0
0.339 0
0.34 0
0.341 0
0.342 0
0.343 0
0.344 0
0.345 0
0.346 0
0.347 0
0.348 0
0.349 0
0.35 0
0.351 0
0.352 0
0.353 0
0.354 0
0.355 0
0.356 0
0.357 0
0.358 0
0.359 0
0.36 0
0.361 0
0.362 0
0.363 0
0.364 0
0.365 0
0.366 0
0.367 0
0.368 0
0.369 0
0.37 0
0.371 0
0.372 0
0.373 0
0.374 0
0.375 0
0.376 0
0.377 0
0.378 0
0.379 0
0.38 0
0.381 0
0.382 0
0.383 0
0.384 0
0.385 0
0.386 0
0.387 0
0.388 0
0.389 0
0.39 0
0.391 0
0.392 0
0.393 0
0.394 0
0.395 0
0.396 0
0.397 0
0.398 0
0.399 0
0.4 0
0.401 0
0.402 0
0.403 0
0.404 0
0.405 0
0.406 0
0.407 0
0.408 0
0.409 0
0.41 0
0.411 0
0.412 0
0.413 0
0.414 0
0.415 0
0.416 0
0.417 0
0.418 0
0.419 0
0.42 0
0.421 0
0.422 0
0.423 0
0.424 0
0.425 0
0.426 0
0.427 0
0.428 0
0.429 0
0.43 0
0.431 0
0.432 0
0.433 0
0.434 0
0.435 0
0.436 0
0.437 0
0.438 0
0.439 0
0.44 0
0.441 0
0.442 0
0.443 0
0.444 0
0.445 0
0.446 0
0.447 0
0.448 0
0.449 0
0.45 0
0.451 0
0.452 0
0.453 0
0.454 0
0.455 0
0.456 0
0.457 0
0.458 0
0.459 0
0.46 0
0.461 0
0.462 0
0.463 0
0.464 0
0.465 0
0.466 0
0.467 0
0.468 0
0.469 0
0.47 0
0.471 0
0.472 0
0.473 0
0.474 0
0.475 0
0.476 0
0.477 0
0.478 0
0.479 0
0.48 0
0.481 0
0.482 0
0.483 0
0.484 0
0.485 0
0.486 0
0.487 0
0.488 0
0.489 0
0.49 0
0.491 0
0.492 0
0.493 0
0.494 0
0.495 0
0.496 0
0.497 0
0.498 0
0.499 0
0.5 0
0.501 0
0.502 0
0.503 0
0.504 0
0.505 0
0.506 0
0.507 0
0.508 0
0.509 0
0.51 0
0.511 0
0.512 0
0.513 0
0.514 0
0.515 0
0.516 0
0.517 0
0.518 0
0.519 0
0.52 0
0.521 0
0.522 0
0.523 0
0.524 0
0.525 0
0.526 0
0.527 0
0.528 0
0.529 0
0.53 0
0.531 0
0.532 0
0.533 0
0.534 0
0.535 0
0.536 0
0.537 0
0.538 0
0.539 0
0.54 0
0.541 0
0.542 0
0.543 0
0.544 0
0.545 0
0.546 0
0.547 0
0.548 0
0.549 0
0.55 0
0.551 0
0.552 0
0.553 0
0.554 0
0.555 0
0.556 0
0.557 0
0.558 0
0.559 0
0.56 0
0.561 0
0.562 0
0.563 0
0.564 0
0.565 0
0.566 0
0.567 0
0.568 0
0.569 0
0.57 0
0.571 0
0.572 0
0.573 0
0.574 0
0.575 0
0.576 0
0.577 0
0.578 0
0.579 0
0.58 0
0.581 0
0.582 0
0.583 0
0.584 0
0.585 0
0.586 0
0.587 0
0.588 0
0.589 0
0.59 0
0.591 0
0.592 0
0.593 0
0.594 0
0.595 0
0.596 0
0.597 0
0.598 0
0.599 0
0.6 0
0.601 0
0.602 0
0.603 0
0.604 0
0.605 0
0.606 0
0.607 0
0.608 0
0.609 0
0.61 0
0.611 0
0.612 0
0.613 0
0.614 0
0.615 0
0.616 0
0.617 0
0.618 0
0.619 0
0.62 0
0.621 0
0.622 0
0.623 0
0.624 0
0.625 0
0.626 0
0.627 0
0.628 0
0.629 0
0.63 0
0.631 0
0.632 0
0.633 0
0.634 0
0.635 0
0.636 0
0.637 0
0.638 0
0.639 0
0.64 0
0.641 0
0.642 0
0.643 0
0.644 0
0.645 0
0.646 0
0.647 0
0.648 0
0.649 0
0.65 0
0.651 0
0.652 0
0.653 0
0.654 0
0.655 0
0.656 0
0.657 0
0.658 0
0.659 0
0.66 0
0.661 0
0.662 0
0.663 0
0.664 0
0.665 0
0.666 0
0.667 0
0.668 0
0.669 0
0.67 0
0.671 0
0.672 0
0.673 0
0.674 0
0.675 0
0.676 0
0.677 0
0.678 0
0.679 0
0.68 0
0.681 0
0.682 0
0.683 0
0.684 0
0.685 0
0.686 0
0.687 0
0.688 0
0.689 0
0.69 0
0.691 0
0.692 0
0.693 0
0.694 0
0.695 0
0.696 0
0.697 0
0.698 0
0.699 0
0.7 0
0.701 0
0.702 0
0.703 0
0.704 0
0.705 0
0.706 0
0.707 0
0.708 0
0.709 0
