0 0
0.001 9.9909e-06
0.002 2.0159e-05
0.003 3.0492e-05
0.004 4.0979e-05
0.005 5.161e-05
0.006 6.2373e-05
0.007 7.3257e-05
0.008 8.4252e-05
0.009 9.5346e-05
0.01 0.00010653
0.011 0.00011779
0.012 0.00012912
0.013 0.00014051
0.014 0.00015195
0.015 0.00016343
0.016 0.00017493
0.017 0.00018646
0.018 0.00019799
0.019 0.00020953
0.02 0.00022105
0.021 0.00023256
0.022 0.00024404
0.023 0.00025548
0.024 0.00026688
0.025 0.00027822
0.026 0.0002895
0.027 0.00030071
0.028 0.00031184
0.029 0.00032288
0.03 0.00033382
0.031 0.00034466
0.032 0.00035539
0.033 0.000366
0.034 0.00037648
0.035 0.00038683
0.036 0.00039704
0.037 0.00040709
0.038 0.00041699
0.039 0.00042673
0.04 0.0004363
0.041 0.00044568
0.042 0.00045489
0.043 0.0004639
0.044 0.00047272
0.045 0.00048133
0.046 0.00048973
0.047 0.00049792
0.048 0.00050589
0.049 0.00051363
0.05 0.00052113
0.051 0.0005284
0.052 0.00053542
0.053 0.0005422
0.054 0.00054871
0.055 0.00055497
0.056 0.00056097
0.057 0.00056669
0.058 0.00057214
0.059 0.00057731
0.06 0.00058219
0.061 0.00058679
0.062 0.0005911
0.063 0.00059511
0.064 0.00059881
0.065 0.00060222
0.066 0.00060531
0.067 0.0006081
0.068 0.00061056
0.069 0.00061271
0.07 0.00061454
0.071 0.00061604
0.072 0.00061721
0.073 0.00061805
0.074 0.00061856
0.075 0.00061873
0.076 0.00061864
0.077 0.00061838
0.078 0.00061795
0.079 0.00061736
0.08 0.00061662
0.081 0.00061571
0.082 0.00061466
0.083 0.00061347
0.084 0.00061213
0.085 0.00061066
0.086 0.00060905
0.087 0.00060732
0.088 0.00060546
0.089 0.00060349
0.09 0.0006014
0.091 0.0005992
0.092 0.00059689
0.093 0.00059447
0.094 0.00059196
0.095 0.00058935
0.096 0.00058665
0.097 0.00058386
0.098 0.00058099
0.099 0.00057803
0.1 0.000575
0.101 0.00057189
0.102 0.00056871
0.103 0.00056546
0.104 0.00056215
0.105 0.00055878
0.106 0.00055535
0.107 0.00055186
0.108 0.00054832
0.109 0.00054473
0.11 0.0005411
0.111 0.00053742
0.112 0.00053371
0.113 0.00052995
0.114 0.00052616
0.115 0.00052234
0.116 0.00051849
0.117 0.00051461
0.118 0.0005107
0.119 0.00050678
0.12 0.00050283
0.121 0.00049887
0.122 0.00049489
0.123 0.00049089
0.124 0.00048689
0.125 0.00048288
0.126 0.00047886
0.127 0.00047484
0.128 0.00047081
0.129 0.00046678
0.13 0.00046276
0.131 0.00045873
0.132 0.00045471
0.133 0.0004507
0.134 0.00044669
0.135 0.0004427
0.136 0.00043871
0.137 0.00043474
0.138 0.00043077
0.139 0.00042683
0.14 0.0004229
0.141 0.00041898
0.142 0.00041509
0.143 0.00041121
0.144 0.00040736
0.145 0.00040352
0.146 0.00039971
0.147 0.00039593
0.148 0.00039216
0.149 0.00038842
0.15 0.00038471
0.151 0.00038102
0.152 0.00037736
0.153 0.00037373
0.154 0.00037012
0.155 0.00036655
0.156 0.000363
0.157 0.00035948
0.158 0.00035599
0.159 0.00035253
0.16 0.0003491
0.161 0.0003457
0.162 0.00034232
0.163 0.00033898
0.164 0.00033567
0.165 0.00033239
0.166 0.00032914
0.167 0.00032591
0.168 0.00032272
0.169 0.00031955
0.17 0.00031641
0.171 0.0003133
0.172 0.00031022
0.173 0.00030716
0.174 0.00030413
0.175 0.00030112
0.176 0.00029814
0.177 0.00029518
0.178 0.00029225
0.179 0.00028933
0.18 0.00028644
0.181 0.00028357
0.182 0.00028072
0.183 0.00027788
0.184 0.00027506
0.185 0.00027226
0.186 0.00026947
0.187 0.00026669
0.188 0.00026393
0.189 0.00026117
0.19 0.00025843
0.191 0.00025569
0.192 0.00025295
0.193 0.00025022
0.194 0.00024749
0.195 0.00024476
0.196 0.00024203
0.197 0.0002393
0.198 0.00023656
0.199 0.00023381
0.2 0.00023105
0.201 0.00022828
0.202 0.00022549
0.203 0.00022269
0.204 0.00021987
0.205 0.00021703
0.206 0.00021417
0.207 0.00021128
0.208 0.00020836
0.209 0.00020542
0.21 0.00020243
0.211 0.00019942
0.212 0.00019636
0.213 0.00019326
0.214 0.00019012
0.215 0.00018692
0.216 0.00018368
0.217 0.00018039
0.218 0.00017704
0.219 0.00017363
0.22 0.00017015
0.221 0.00016661
0.222 0.000163
0.223 0.00015932
0.224 0.00015556
0.225 0.00015172
0.226 0.0001478
0.227 0.0001438
0.228 0.0001397
0.229 0.00013551
0.23 0.00013122
0.231 0.00012683
0.232 0.00012233
0.233 0.00011773
0.234 0.00011301
0.235 0.00010817
0.236 0.00010322
0.237 9.8134e-05
0.238 9.2922e-05
0.239 8.7577e-05
0.24 8.2093e-05
0.241 7.6467e-05
0.242 7.0695e-05
0.243 6.4771e-05
0.244 5.8691e-05
0.245 5.245e-05
0.246 4.6045e-05
0.247 3.947e-05
0.248 3.2721e-05
0.249 2.5793e-05
0.25 1.868e-05
0.251 1.1379e-05
0.252 3.8834e-06
0.253 -3.8108e-06
0.254 -1.1709e-05
0.255 -1.9816e-05
0.256 -2.8138e-05
0.257 -3.5952e-05
0.258 -4.2583e-05
0.259 -4.8104e-05
0.26 -5.2588e-05
0.261 -5.6106e-05
0.262 -5.8726e-05
0.263 -6.0517e-05
0.264 -6.1545e-05
0.265 -6.1873e-05
0.266 -6.1565e-05
0.267 -6.0683e-05
0.268 -5.9287e-05
0.269 -5.7434e-05
0.27 -5.5182e-05
0.271 -5.2586e-05
0.272 -4.9699e-05
0.273 -4.6575e-05
0.274 -4.3264e-05
0.275 -3.9814e-05
0.276 -3.6274e-05
0.277 -3.269e-05
0.278 -2.9105e-05
0.279 -2.5565e-05
0.28 -2.2108e-05
0.281 -1.8777e-05
0.282 -1.5608e-05
0.283 -1.2639e-05
0.284 -9.9057e-06
0.285 -7.4411e-06
0.286 -5.2777e-06
0.287 -3.4463e-06
0.288 -1.9759e-06
0.289 -8.9431e-07
0.29 -2.2748e-07
0.291 4.9239e-16
0.292 0
0.293 0
0.294 0
0.295 0
0.296 0
0.297 0
0.298 0
0.299 0
0.3 0
0.301 0
0.302 0
0.303 0
0.304 0
0.305 0
0.306 0
0.307 0
0.308 0
0.309 0
0.31 0
0.311 0
0.312 0
0.313 0
0.314 0
0.315 0
0.316 0
0.317 0
0.318 0
0.319 0
0.32 0
0.321 0
0.322 0
0.323 0
0.324 0
0.325 0
0.326 0
0.327 0
0.328 0
0.329 0
0.33 0
0.331 0
0.332 0
0.333 0
0.334 0
0.335 0
0.336 0
0.337 0
0.338 0
0.339 0
0.34 0
0.341 0
0.342 0
0.343 0
0.344 0
0.345 0
0.346 0
0.347 0
0.348 0
0.349 0
0.35 0
0.351 0
0.352 0
0.353 0
0.354 0
0.355 0
0.356 0
0.357 0
0.358 0
0.359 0
0.36 0
0.361 0
0.362 0
0.363 0
0.364 0
0.365 0
0.366 0
0.367 0
0.368 0
0.369 0
0.37 0
0.371 0
0.372 0
0.373 0
0.374 0
0.375 0
0.376 0
0.377 0
0.378 0
0.379 0
0.38 0
0.381 0
0.382 0
0.383 0
0.384 0
0.385 0
0.386 0
0.387 0
0.388 0
0.389 0
0.39 0
0.391 0
0.392 0
0.393 0
0.394 0
0.395 0
0.396 0
0.397 0
0.398 0
0.399 0
0.4 0
0.401 0
0.402 0
0.403 0
0.404 0
0.405 0
0.406 0
0.407 0
0.408 0
0.409 0
0.41 0
0.411 0
0.412 0
0.413 0
0.414 0
0.415 0
0.416 0
0.417 0
0.418 0
0.419 0
0.42 0
0.421 0
0.422 0
0.423 0
0.424 0
0.425 0
0.426 0
0.427 0
0.428 0
0.429 0
0.43 0
0.431 0
0.432 0
0.433 0
0.434 0
0.435 0
0.436 0
0.437 0
0.438 0
0.439 0
0.44 0
0.441 0
0.442 0
0.443 0
0.444 0
0.445 0
0.446 0
0.447 0
0.448 0
0.449 0
0.45 0
0.451 0
0.452 0
0.453 0
0.454 0
0.455 0
0.456 0
0.457 0
0.458 0
0.459 0
0.46 0
0.461 0
0.462 0
0.463 0
0.464 0
0.465 0
0.466 0
0.467 0
0.468 0
0.469 0
0.47 0
0.471 0
0.472 0
0.473 0
0.474 0
0.475 0
0.476 0
0.477 0
0.478 0
0.479 0
0.48 0
0.481 0
0.482 0
0.483 0
0.484 0
0.485 0
0.486 0
0.487 0
0.488 0
0.489 0
0.49 0
0.491 0
0.492 0
0.493 0
0.494 0
0.495 0
0.496 0
0.497 0
0.498 0
0.499 0
0.5 0
0.501 0
0.502 0
0.503 0
0.504 0
0.505 0
0.506 0
0.507 0
0.508 0
0.509 0
0.51 0
0.511 0
0.512 0
0.513 0
0.514 0
0.515 0
0.516 0
0.517 0
0.518 0
0.519 0
0.52 0
0.521 0
0.522 0
0.523 0
0.524 0
0.525 0
0.526 0
0.527 0
0.528 0
0.529 0
0.53 0
0.531 0
0.532 0
0.533 0
0.534 0
0.535 0
0.536 0
0.537 0
0.538 0
0.539 0
0.54 0
0.541 0
0.542 0
0.543 0
0.544 0
0.545 0
0.546 0
0.547 0
0.548 0
0.549 0
0.55 0
0.551 0
0.552 0
0.553 0
0.554 0
0.555 0
0.556 0
0.557 0
0.558 0
0.559 0
0.56 0
0.561 0
0.562 0
0.563 0
0.564 0
0.565 0
0.566 0
0.567 0
0.568 0
0.569 0
0.57 0
0.571 0
0.572 0
0.573 0
0.574 0
0.575 0
0.576 0
0.577 0
0.578 0
0.579 0
0.58 0
0.581 0
0.582 0
0.583 0
0.584 0
0.585 0
0.586 0
0.587 0
0.588 0
0.589 0
0.59 0
0.591 0
0.592 0
0.593 0
0.594 0
0.595 0
0.596 0
0.597 0
0.598 0
0.599 0
0.6 0
0.601 0
0.602 0
0.603 0
0.604 0
0.605 0
0.606 0
0.607 0
0.608 0
0.609 0
0.61 0
0.611 0
0.612 0
0.613 0
0.614 0
0.615 0
0.616 0
0.617 0
0.618 0
0.619 0
0.62 0
0.621 0
0.622 0
0.623 0
0.624 0
0.625 0
0.626 0
0.627 0
0.628 0
0.629 0
0.63 0
0.631 0
0.632 0
0.633 0
0.634 0
0.635 0
0.636 0
0.637 0
0.638 0
0.639 0
0.64 0
0.641 0
0.642 0
0.643 0
0.644 0
0.645 0
0.646 0
0.647 0
0.648 0
0.649 0
0.65 0
0.651 0
0.652 0
0.653 0
0.654 0
0.655 0
0.656 0
0.657 0
0.658 0
0.659 0
0.66 0
0.661 0
0.662 0
0.663 0
0.664 0
0.665 0
0.666 0
0.667 0
0.668 0
0.669 0
0.67 0
0.671 0
0.672 0
0.673 0
0.674 0
0.675 0
0.676 0
0.677 0
0.678 0
0.679 0
0.68 0
0.681 0
0.682 0
0.683 0
0.684 0
0.685 0
0.686 0
0.687 0
0.688 0
0.689 0
0.69 0
0.691 0
0.692 0
0.693 0
0.694 0
0.695 0
0.696 0
0.697 0
0.698 0
0.699 0
0.7 0
0.701 0
0.702 0
0.703 0
0.704 0
0.705 0
0.706 0
0.707 0
0.708 0
0.709 0
0.71 0
0.711 0
0.712 0
0.713 0
0.714 0
0.715 0
0.716 0
0.717 0
0.718 0
0.719 0
0.72 0
0.721 0
0.722 0
0.723 0
0.724 0
0.725 0
0.726 0
0.727 0
0.728 0
0.729 0
0.73 0
0.731 0
0.732 0
0.733 0
0.734 0
0.735 0
0.736 0
0.737 0
0.738 0
0.739 0
0.74 0
0.741 0
0.742 0
0.743 0
0.744 0
0.745 0
0.746 0
0.747 0
0.748 0
0.749 0
0.75 0
0.751 0
0.752 0
0.753 0
0.754 0
0.755 0
0.756 0
0.757 0
0.758 0
0.759 0
0.76 0
0.761 0
0.762 0
0.763 0
0.764 0
0.765 0
0.766 0
0.767 0
0.768 0
0.769 0
0.77 0
0.771 0
0.772 0
0.773 0
0.774 0
0.775 0
0.776 0
0.777 0
0.778 0
0.779 0
0.78 0
0.781 0
0.782 0
0.783 0
0.784 0
0.785 0
0.786 0
0.787 0
0.788 0
0.789 0
0.79 0
0.791 0
0.792 0
0.793 0
0.794 0
0.795 0
0.796 0
0.797 0
0.798 0
0.799 0
0.8 0
0.801 0
0.802 0
0.803 0
0.804 0
0.805 0
0.806 0
0.807 0
0.808 0
0.809 0
0.81 0
0.811 0
0.812 0
0.813 0
0.814 0
0.815 0
0.816 0
0.817 0
0.818 0
0.819 0
0.82 0
0.821 0
0.822 0
0.823 0
0.824 0
0.825 0
0.826 0
0.827 0
0.828 0
0.829 0
0.83 0
0.831 0
0.832 0
0.833 0
0.834 0
0.835 0
0.836 0
0.837 0
0.838 0
0.839 0
0.84 0
0.841 0
0.842 0
0.843 0
0.844 0
0.845 0
0.846 0
0.847 0
0.848 0
0.849 0
0.85 0
0.851 0
0.852 0
0.853 0
0.854 0
0.855 0
0.856 0
0.857 0
0.858 0
0.859 0
0.86 0
0.861 0
0.862 0
0.863 0
0.864 0
0.865 0
0.866 0
0.867 0
0.868 0
0.869 0
0.87 0
0.871 0
0.872 0
0.873 0
0.874 0
0.875 0
0.876 0
0.877 0
0.878 0
0.879 0
0.88 0
0.881 0
0.882 0
0.883 0
0.884 0
0.885 0
0.886 0
0.887 0
0.888 0
0.889 0
0.89 0
0.891 0
0.892 0
0.893 0
0.894 0
0.895 0
0.896 0
0.897 0
0.898 0
0.899 0
0.9 0
0.901 0
0.902 0
0.903 0
0.904 0
0.905 0
0.906 0
0.907 0
0.908 0
0.909 0
0.91 0
0.911 0
0.912 0
0.913 0
0.914 0
0.915 0
0.916 0
0.917 0
0.918 0
0.919 0
0.92 0
0.921 0
0.922 0
0.923 0
0.924 0
0.925 0
0.926 0
0.927 0
0.928 0
0.929 0
0.93 0
0.931 0
0.932 0
0.933 0
0.934 0
0.935 0
0.936 0
0.937 0
0.938 0
0.939 0
0.94 0
0.941 0
0.942 0
0.943 0
0.944 0
0.945 0
0.946 0
0.947 0
0.948 0
0.949 0
0.95 0
0.951 0
0.952 0
0.953 0
0.954 0
0.955 0
0.956 0
0.957 0
0.958 0
0.959 0
0.96 0
0.961 0
0.962 0
0.963 0
0.964 0
0.965 0
0.966 0
0.967 0
0.968 0
0.969 0
0.97 0
0.971 0
0.972 0
0.973 0
0.974 0
0.975 0
0.976 0
0.977 0
0.978 0
0.979 0
0.98 0
0.981 0
0.982 0
0.983 0
0.984 0
0.985 0
0.986 0
0.987 0
0.988 0
0.989 0
0.99 0
0.991 0
0.992 0
0.993 0
0.994 0
0.995 0
0.996 0
0.997 0
0.998 0
0.999 0
1 0
1.001 0
1.002 0
1.003 0
1.004 0
1.005 0
1.006 0
1.007 0
1.008 0
1.009 0
1.01 0
1.011 0
1.012 0
1.013 0
1.014 0
1.015 0
1.016 0
1.017 0
1.018 0
1.019 0
1.02 0
1.021 0
1.022 0
1.023 0
1.024 0
1.025 0
1.026 0
1.027 0
1.028 0
1.029 0
1.03 0
1.031 0
1.032 0
1.033 0
1.034 0
1.035 0
1.036 0
1.037 0
1.038 0
1.039 0
1.04 0
1.041 0
1.042 0
1.043 0
1.044 0
1.045 0
1.046 0
1.047 0
1.048 0
1.049 0
1.05 0
1.051 0
1.052 0
1.053 0
1.054 0
1.055 0
1.056 0
1.057 0
1.058 0
1.059 0
1.06 0
1.061 0
1.062 0
1.063 0
1.064 0
1.065 0
1.066 0
1.067 0
1.068 0
1.069 0
1.07 0
1.071 0
1.072 0
1.073 0
1.074 0
1.075 0
1.076 0
1.077 0
1.078 0
1.079 0
1.08 0
1.081 0
1.082 0
1.083 0
1.084 0
1.085 0
1.086 0
1.087 0
1.088 0
1.089 0
1.09 0
1.091 0
1.092 0
1.093 0
1.094 0
1.095 0
1.096 0
1.097 0
1.098 0
1.099 0
1.1 0
1.101 0
1.102 0
1.103 0
1.104 0
1.105 0
1.106 0
1.107 0
1.108 0
1.109 0
1.11 0
1.111 0
1.112 0
1.113 0
1.114 0
1.115 0
1.116 0
1.117 0
1.118 0
1.119 0
1.12 0
1.121 0
1.122 0
1.123 0
1.124 0
1.125 0
1.126 0
1.127 0
1.128 0
1.129 0
1.13 0
1.131 0
1.132 0
1.133 0
1.134 0
1.135 0
