0 0
0.001 1.2761e-05
0.002 2.5835e-05
0.003 3.9199e-05
0.004 5.2832e-05
0.005 6.6711e-05
0.006 8.0816e-05
0.007 9.5125e-05
0.008 0.00010962
0.009 0.00012428
0.01 0.00013908
0.011 0.00015401
0.012 0.00016904
0.013 0.00018416
0.014 0.00019936
0.015 0.0002146
0.016 0.00022987
0.017 0.00024517
0.018 0.00026046
0.019 0.00027574
0.02 0.00029098
0.021 0.00030618
0.022 0.00032131
0.023 0.00033637
0.024 0.00035133
0.025 0.00036618
0.026 0.00038092
0.027 0.00039552
0.028 0.00040997
0.029 0.00042426
0.03 0.00043838
0.031 0.00045231
0.032 0.00046605
0.033 0.00047958
0.034 0.00049289
0.035 0.00050597
0.036 0.00051881
0.037 0.0005314
0.038 0.00054374
0.039 0.00055581
0.04 0.0005676
0.041 0.0005791
0.042 0.00059031
0.043 0.00060123
0.044 0.00061183
0.045 0.00062212
0.046 0.00063209
0.047 0.00064173
0.048 0.00065104
0.049 0.00066001
0.05 0.00066864
0.051 0.00067692
0.052 0.00068485
0.053 0.00069242
0.054 0.00069963
0.055 0.00070647
0.056 0.00071296
0.057 0.00071907
0.058 0.00072481
0.059 0.00073018
0.06 0.00073518
0.061 0.0007398
0.062 0.00074404
0.063 0.00074791
0.064 0.00075141
0.065 0.00075453
0.066 0.00075727
0.067 0.00075964
0.068 0.00076164
0.069 0.00076327
0.07 0.00076454
0.071 0.00076544
0.072 0.00076597
0.073 0.00076615
0.074 0.00076601
0.075 0.00076561
0.076 0.00076495
0.077 0.00076404
0.078 0.00076289
0.079 0.0007615
0.08 0.00075989
0.081 0.00075805
0.082 0.00075601
0.083 0.00075376
0.084 0.00075132
0.085 0.00074868
0.086 0.00074586
0.087 0.00074287
0.088 0.00073971
0.089 0.00073639
0.09 0.00073291
0.091 0.00072929
0.092 0.00072552
0.093 0.00072162
0.094 0.00071759
0.095 0.00071344
0.096 0.00070916
0.097 0.00070478
0.098 0.0007003
0.099 0.00069571
0.1 0.00069103
0.101 0.00068627
0.102 0.00068142
0.103 0.0006765
0.104 0.0006715
0.105 0.00066644
0.106 0.00066131
0.107 0.00065613
0.108 0.0006509
0.109 0.00064562
0.11 0.0006403
0.111 0.00063494
0.112 0.00062955
0.113 0.00062413
0.114 0.00061868
0.115 0.00061321
0.116 0.00060773
0.117 0.00060224
0.118 0.00059673
0.119 0.00059123
0.12 0.00058572
0.121 0.00058021
0.122 0.00057471
0.123 0.00056922
0.124 0.00056374
0.125 0.00055827
0.126 0.00055283
0.127 0.0005474
0.128 0.000542
0.129 0.00053663
0.13 0.00053128
0.131 0.00052597
0.132 0.00052069
0.133 0.00051545
0.134 0.00051024
0.135 0.00050508
0.136 0.00049996
0.137 0.00049488
0.138 0.00048985
0.139 0.00048487
0.14 0.00047994
0.141 0.00047506
0.142 0.00047023
0.143 0.00046546
0.144 0.00046074
0.145 0.00045607
0.146 0.00045147
0.147 0.00044692
0.148 0.00044243
0.149 0.000438
0.15 0.00043362
0.151 0.00042931
0.152 0.00042506
0.153 0.00042087
0.154 0.00041674
0.155 0.00041267
0.156 0.00040866
0.157 0.00040471
0.158 0.00040082
0.159 0.00039699
0.16 0.00039322
0.161 0.00038951
0.162 0.00038586
0.163 0.00038226
0.164 0.00037872
0.165 0.00037524
0.166 0.00037181
0.167 0.00036843
0.168 0.0003651
0.169 0.00036183
0.17 0.0003586
0.171 0.00035542
0.172 0.00035228
0.173 0.00034919
0.174 0.00034614
0.175 0.00034313
0.176 0.00034016
0.177 0.00033722
0.178 0.00033431
0.179 0.00033144
0.18 0.00032859
0.181 0.00032577
0.182 0.00032297
0.183 0.00032018
0.184 0.00031742
0.185 0.00031467
0.186 0.00031193
0.187 0.00030919
0.188 0.00030646
0.189 0.00030373
0.19 0.00030099
0.191 0.00029825
0.192 0.0002955
0.193 0.00029273
0.194 0.00028994
0.195 0.00028713
0.196 0.0002843
0.197 0.00028143
0.198 0.00027852
0.199 0.00027558
0.2 0.00027258
0.201 0.00026954
0.202 0.00026645
0.203 0.00026329
0.204 0.00026007
0.205 0.00025678
0.206 0.00025342
0.207 0.00024997
0.208 0.00024644
0.209 0.00024282
0.21 0.0002391
0.211 0.00023528
0.212 0.00023135
0.213 0.0002273
0.214 0.00022314
0.215 0.00021885
0.216 0.00021442
0.217 0.00020985
0.218 0.00020514
0.219 0.00020028
0.22 0.00019526
0.221 0.00019007
0.222 0.00018471
0.223 0.00017916
0.224 0.00017344
0.225 0.00016751
0.226 0.00016139
0.227 0.00015506
0.228 0.00014851
0.229 0.00014173
0.23 0.00013473
0.231 0.00012749
0.232 0.00011999
0.233 0.00011225
0.234 0.00010424
0.235 9.5953e-05
0.236 8.7391e-05
0.237 7.854e-05
0.238 6.9392e-05
0.239 5.9938e-05
0.24 5.017e-05
0.241 4.0078e-05
0.242 2.9654e-05
0.243 1.8889e-05
0.244 7.7738e-06
0.245 -3.7015e-06
0.246 -1.5546e-05
0.247 -2.7769e-05
0.248 -3.9244e-05
0.249 -4.8924e-05
0.25 -5.6937e-05
0.251 -6.3405e-05
0.252 -6.8447e-05
0.253 -7.2179e-05
0.254 -7.4713e-05
0.255 -7.6156e-05
0.256 -7.6615e-05
0.257 -7.619e-05
0.258 -7.4978e-05
0.259 -7.3073e-05
0.26 -7.0566e-05
0.261 -6.7543e-05
0.262 -6.4088e-05
0.263 -6.028e-05
0.264 -5.6194e-05
0.265 -5.1903e-05
0.266 -4.7475e-05
0.267 -4.2976e-05
0.268 -3.8466e-05
0.269 -3.4004e-05
0.27 -2.9644e-05
0.271 -2.5435e-05
0.272 -2.1425e-05
0.273 -1.7658e-05
0.274 -1.4172e-05
0.275 -1.1005e-05
0.276 -8.1875e-06
0.277 -5.7493e-06
0.278 -3.7154e-06
0.279 -2.1073e-06
0.28 -9.4314e-07
0.281 -2.3712e-07
0.282 -3.484e-16
0.283 0
0.284 0
0.285 0
0.286 0
0.287 0
0.288 0
0.289 0
0.29 0
0.291 0
0.292 0
0.293 0
0.294 0
0.295 0
0.296 0
0.297 0
0.298 0
0.299 0
0.3 0
0.301 0
0.302 0
0.303 0
0.304 0
0.305 0
0.306 0
0.307 0
0.308 0
0.309 0
0.31 0
0.311 0
0.312 0
0.313 0
0.314 0
0.315 0
0.316 0
0.317 0
0.318 0
0.319 0
0.32 0
0.321 0
0.322 0
0.323 0
0.324 0
0.325 0
0.326 0
0.327 0
0.328 0
0.329 0
0.33 0
0.331 0
0.332 0
0.333 0
0.334 0
0.335 0
0.336 0
0.337 0
0.338 0
0.339 0
0.34 0
0.341 0
0.342 0
0.343 0
0.344 0
0.345 0
0.346 0
0.347 0
0.348 0
0.349 0
0.35 0
0.351 0
0.352 0
0.353 0
0.354 0
0.355 0
0.356 0
0.357 0
0.358 0
0.359 0
0.36 0
0.361 0
0.362 0
0.363 0
0.364 0
0.365 0
0.366 0
0.367 0
0.368 0
0.369 0
0.37 0
0.371 0
0.372 0
0.373 0
0.374 0
0.375 0
0.376 0
0.377 0
0.378 0
0.379 0
0.38 0
0.381 0
0.382 0
0.383 0
0.384 0
0.385 0
0.386 0
0.387 0
0.388 0
0.389 0
0.39 0
0.391 0
0.392 0
0.393 0
0.394 0
0.395 0
0.396 0
0.397 0
0.398 0
0.399 0
0.4 0
0.401 0
0.402 0
0.403 0
0.404 0
0.405 0
0.406 0
0.407 0
0.408 0
0.409 0
0.41 0
0.411 0
0.412 0
0.413 0
0.414 0
0.415 0
0.416 0
0.417 0
0.418 0
0.419 0
0.42 0
0.421 0
0.422 0
0.423 0
0.424 0
0.425 0
0.426 0
0.427 0
0.428 0
0.429 0
0.43 0
0.431 0
0.432 0
0.433 0
0.434 0
0.435 0
0.436 0
0.437 0
0.438 0
0.439 0
0.44 0
0.441 0
0.442 0
0.443 0
0.444 0
0.445 0
0.446 0
0.447 0
0.448 0
0.449 0
0.45 0
0.451 0
0.452 0
0.453 0
0.454 0
0.455 0
0.456 0
0.457 0
0.458 0
0.459 0
0.46 0
0.461 0
0.462 0
0.463 0
0.464 0
0.465 0
0.466 0
0.467 0
0.468 0
0.469 0
0.47 0
0.471 0
0.472 0
0.473 0
0.474 0
0.475 0
0.476 0
0.477 0
0.478 0
0.479 0
0.48 0
0.481 0
0.482 0
0.483 0
0.484 0
0.485 0
0.486 0
0.487 0
0.488 0
0.489 0
0.49 0
0.491 0
0.492 0
0.493 0
0.494 0
0.495 0
0.496 0
0.497 0
0.498 0
0.499 0
0.5 0
0.501 0
0.502 0
0.503 0
0.504 0
0.505 0
0.506 0
0.507 0
0.508 0
0.509 0
0.51 0
0.511 0
0.512 0
0.513 0
0.514 0
0.515 0
0.516 0
0.517 0
0.518 0
0.519 0
0.52 0
0.521 0
0.522 0
0.523 0
0.524 0
0.525 0
0.526 0
0.527 0
0.528 0
0.529 0
0.53 0
0.531 0
0.532 0
0.533 0
0.534 0
0.535 0
0.536 0
0.537 0
0.538 0
0.539 0
0.54 0
0.541 0
0.542 0
0.543 0
0.544 0
0.545 0
0.546 0
0.547 0
0.548 0
0.549 0
0.55 0
0.551 0
0.552 0
0.553 0
0.554 0
0.555 0
0.556 0
0.557 0
0.558 0
0.559 0
0.56 0
0.561 0
0.562 0
0.563 0
0.564 0
0.565 0
0.566 0
0.567 0
0.568 0
0.569 0
0.57 0
0.571 0
0.572 0
0.573 0
0.574 0
0.575 0
0.576 0
0.577 0
0.578 0
0.579 0
0.58 0
0.581 0
0.582 0
0.583 0
0.584 0
0.585 0
0.586 0
0.587 0
0.588 0
0.589 0
0.59 0
0.591 0
0.592 0
0.593 0
0.594 0
0.595 0
0.596 0
0.597 0
0.598 0
0.599 0
0.6 0
0.601 0
0.602 0
0.603 0
0.604 0
0.605 0
0.606 0
0.607 0
0.608 0
0.609 0
0.61 0
0.611 0
0.612 0
0.613 0
0.614 0
0.615 0
0.616 0
0.617 0
0.618 0
0.619 0
0.62 0
0.621 0
0.622 0
0.623 0
0.624 0
0.625 0
0.626 0
0.627 0
0.628 0
0.629 0
0.63 0
0.631 0
0.632 0
0.633 0
0.634 0
0.635 0
0.636 0
0.637 0
0.638 0
0.639 0
0.64 0
0.641 0
0.642 0
0.643 0
0.644 0
0.645 0
0.646 0
0.647 0
0.648 0
0.649 0
0.65 0
0.651 0
0.652 0
0.653 0
0.654 0
0.655 0
0.656 0
0.657 0
0.658 0
0.659 0
0.66 0
0.661 0
0.662 0
0.663 0
0.664 0
0.665 0
0.666 0
0.667 0
0.668 0
0.669 0
0.67 0
0.671 0
0.672 0
0.673 0
0.674 0
0.675 0
0.676 0
0.677 0
0.678 0
0.679 0
0.68 0
0.681 0
0.682 0
0.683 0
0.684 0
0.685 0
0.686 0
0.687 0
0.688 0
0.689 0
0.69 0
0.691 0
0.692 0
0.693 0
0.694 0
0.695 0
0.696 0
0.697 0
0.698 0
0.699 0
0.7 0
0.701 0
0.702 0
0.703 0
0.704 0
0.705 0
0.706 0
0.707 0
0.708 0
0.709 0
