0 0
0.001 11.332
0.002 22.965
0.003 34.876
0.004 47.046
0.005 59.451
0.006 72.074
0.007 84.892
0.008 97.886
0.009 111.04
0.01 124.33
0.011 137.74
0.012 151.25
0.013 164.84
0.014 178.5
0.015 192.21
0.016 205.95
0.017 219.71
0.018 233.46
0.019 247.21
0.02 260.92
0.021 274.58
0.022 288.19
0.023 301.72
0.024 315.16
0.025 328.51
0.026 341.74
0.027 354.84
0.028 367.81
0.029 380.62
0.03 393.28
0.031 405.76
0.032 418.06
0.033 430.17
0.034 442.07
0.035 453.77
0.036 465.24
0.037 476.48
0.038 487.48
0.039 498.24
0.04 508.74
0.041 518.99
0.042 528.96
0.043 538.66
0.044 548.09
0.045 557.22
0.046 566.07
0.047 574.62
0.048 582.87
0.049 590.82
0.05 598.46
0.051 605.78
0.052 612.8
0.053 619.5
0.054 625.88
0.055 631.93
0.056 637.67
0.057 643.09
0.058 648.18
0.059 652.94
0.06 657.39
0.061 661.51
0.062 665.3
0.063 668.78
0.064 671.94
0.065 674.78
0.066 677.3
0.067 679.52
0.068 681.42
0.069 683.02
0.07 684.32
0.071 685.32
0.072 686.03
0.073 686.45
0.074 686.59
0.075 686.48
0.076 686.17
0.077 685.65
0.078 684.93
0.079 684.02
0.08 682.93
0.081 681.66
0.082 680.21
0.083 678.6
0.084 676.82
0.085 674.89
0.086 672.8
0.087 670.56
0.088 668.19
0.089 665.67
0.09 663.03
0.091 660.26
0.092 657.36
0.093 654.35
0.094 651.23
0.095 648
0.096 644.67
0.097 641.23
0.098 637.71
0.099 634.09
0.1 630.39
0.101 626.61
0.102 622.75
0.103 618.82
0.104 614.82
0.105 610.76
0.106 606.63
0.107 602.45
0.108 598.21
0.109 593.93
0.11 589.6
0.111 585.22
0.112 580.81
0.113 576.36
0.114 571.88
0.115 567.37
0.116 562.83
0.117 558.27
0.118 553.69
0.119 549.09
0.12 544.48
0.121 539.86
0.122 535.23
0.123 530.59
0.124 525.95
0.125 521.3
0.126 516.66
0.127 512.03
0.128 507.4
0.129 502.77
0.13 498.16
0.131 493.56
0.132 488.98
0.133 484.41
0.134 479.86
0.135 475.32
0.136 470.81
0.137 466.33
0.138 461.87
0.139 457.43
0.14 453.02
0.141 448.64
0.142 444.3
0.143 439.98
0.144 435.69
0.145 431.44
0.146 427.23
0.147 423.05
0.148 418.9
0.149 414.79
0.15 410.72
0.151 406.69
0.152 402.7
0.153 398.74
0.154 394.83
0.155 390.95
0.156 387.12
0.157 383.33
0.158 379.57
0.159 375.86
0.16 372.19
0.161 368.55
0.162 364.96
0.163 361.41
0.164 357.89
0.165 354.42
0.166 350.98
0.167 347.58
0.168 344.22
0.169 340.9
0.17 337.61
0.171 334.36
0.172 331.14
0.173 327.95
0.174 324.79
0.175 321.67
0.176 318.57
0.177 315.51
0.178 312.47
0.179 309.45
0.18 306.46
0.181 303.49
0.182 300.55
0.183 297.62
0.184 294.71
0.185 291.81
0.186 288.93
0.187 286.05
0.188 283.19
0.189 280.34
0.19 277.48
0.191 274.63
0.192 271.79
0.193 268.93
0.194 266.08
0.195 263.21
0.196 260.34
0.197 257.45
0.198 254.55
0.199 251.63
0.2 248.68
0.201 245.71
0.202 242.72
0.203 239.69
0.204 236.63
0.205 233.53
0.206 230.39
0.207 227.2
0.208 223.97
0.209 220.68
0.21 217.34
0.211 213.94
0.212 210.48
0.213 206.95
0.214 203.35
0.215 199.67
0.216 195.91
0.217 192.07
0.218 188.15
0.219 184.13
0.22 180.01
0.221 175.8
0.222 171.47
0.223 167.04
0.224 162.49
0.225 157.82
0.226 153.03
0.227 148.11
0.228 143.05
0.229 137.86
0.23 132.52
0.231 127.02
0.232 121.38
0.233 115.57
0.234 109.6
0.235 103.45
0.236 97.126
0.237 90.62
0.238 83.925
0.239 77.036
0.24 69.945
0.241 62.649
0.242 55.14
0.243 47.412
0.244 39.459
0.245 31.275
0.246 22.854
0.247 14.189
0.248 5.2741
0.249 -3.898
0.25 -13.333
0.251 -23.039
0.252 -33.022
0.253 -42.295
0.254 -49.955
0.255 -56.124
0.256 -60.921
0.257 -64.464
0.258 -66.863
0.259 -68.227
0.26 -68.659
0.261 -68.259
0.262 -67.124
0.263 -65.346
0.264 -63.013
0.265 -60.209
0.266 -57.015
0.267 -53.507
0.268 -49.757
0.269 -45.834
0.27 -41.802
0.271 -37.723
0.272 -33.653
0.273 -29.644
0.274 -25.746
0.275 -22.004
0.276 -18.458
0.277 -15.145
0.278 -12.099
0.279 -9.3487
0.28 -6.9194
0.281 -4.8323
0.282 -3.1048
0.283 -1.7503
0.284 -0.77834
0.285 -0.19436
0.286 3.1222e-10
0.287 0
0.288 0
0.289 0
0.29 0
0.291 0
0.292 0
0.293 0
0.294 0
0.295 0
0.296 0
0.297 0
0.298 0
0.299 0
0.3 0
0.301 0
0.302 0
0.303 0
0.304 0
0.305 0
0.306 0
0.307 0
0.308 0
0.309 0
0.31 0
0.311 0
0.312 0
0.313 0
0.314 0
0.315 0
0.316 0
0.317 0
0.318 0
0.319 0
0.32 0
0.321 0
0.322 0
0.323 0
0.324 0
0.325 0
0.326 0
0.327 0
0.328 0
0.329 0
0.33 0
0.331 0
0.332 0
0.333 0
0.334 0
0.335 0
0.336 0
0.337 0
0.338 0
0.339 0
0.34 0
0.341 0
0.342 0
0.343 0
0.344 0
0.345 0
0.346 0
0.347 0
0.348 0
0.349 0
0.35 0
0.351 0
0.352 0
0.353 0
0.354 0
0.355 0
0.356 0
0.357 0
0.358 0
0.359 0
0.36 0
0.361 0
0.362 0
0.363 0
0.364 0
0.365 0
0.366 0
0.367 0
0.368 0
0.369 0
0.37 0
0.371 0
0.372 0
0.373 0
0.374 0
0.375 0
0.376 0
0.377 0
0.378 0
0.379 0
0.38 0
0.381 0
0.382 0
0.383 0
0.384 0
0.385 0
0.386 0
0.387 0
0.388 0
0.389 0
0.39 0
0.391 0
0.392 0
0.393 0
0.394 0
0.395 0
0.396 0
0.397 0
0.398 0
0.399 0
0.4 0
0.401 0
0.402 0
0.403 0
0.404 0
0.405 0
0.406 0
0.407 0
0.408 0
0.409 0
0.41 0
0.411 0
0.412 0
0.413 0
0.414 0
0.415 0
0.416 0
0.417 0
0.418 0
0.419 0
0.42 0
0.421 0
0.422 0
0.423 0
0.424 0
0.425 0
0.426 0
0.427 0
0.428 0
0.429 0
0.43 0
0.431 0
0.432 0
0.433 0
0.434 0
0.435 0
0.436 0
0.437 0
0.438 0
0.439 0
0.44 0
0.441 0
0.442 0
0.443 0
0.444 0
0.445 0
0.446 0
0.447 0
0.448 0
0.449 0
0.45 0
0.451 0
0.452 0
0.453 0
0.454 0
0.455 0
0.456 0
0.457 0
0.458 0
0.459 0
0.46 0
0.461 0
0.462 0
0.463 0
0.464 0
0.465 0
0.466 0
0.467 0
0.468 0
0.469 0
0.47 0
0.471 0
0.472 0
0.473 0
0.474 0
0.475 0
0.476 0
0.477 0
0.478 0
0.479 0
0.48 0
0.481 0
0.482 0
0.483 0
0.484 0
0.485 0
0.486 0
0.487 0
0.488 0
0.489 0
0.49 0
0.491 0
0.492 0
0.493 0
0.494 0
0.495 0
0.496 0
0.497 0
0.498 0
0.499 0
0.5 0
0.501 0
0.502 0
0.503 0
0.504 0
0.505 0
0.506 0
0.507 0
0.508 0
0.509 0
0.51 0
0.511 0
0.512 0
0.513 0
0.514 0
0.515 0
0.516 0
0.517 0
0.518 0
0.519 0
0.52 0
0.521 0
0.522 0
0.523 0
0.524 0
0.525 0
0.526 0
0.527 0
0.528 0
0.529 0
0.53 0
0.531 0
0.532 0
0.533 0
0.534 0
0.535 0
0.536 0
0.537 0
0.538 0
0.539 0
0.54 0
0.541 0
0.542 0
0.543 0
0.544 0
0.545 0
0.546 0
0.547 0
0.548 0
0.549 0
0.55 0
0.551 0
0.552 0
0.553 0
0.554 0
0.555 0
0.556 0
0.557 0
0.558 0
0.559 0
0.56 0
0.561 0
0.562 0
0.563 0
0.564 0
0.565 0
0.566 0
0.567 0
0.568 0
0.569 0
0.57 0
0.571 0
0.572 0
0.573 0
0.574 0
0.575 0
0.576 0
0.577 0
0.578 0
0.579 0
0.58 0
0.581 0
0.582 0
0.583 0
0.584 0
0.585 0
0.586 0
0.587 0
0.588 0
0.589 0
0.59 0
0.591 0
0.592 0
0.593 0
0.594 0
0.595 0
0.596 0
0.597 0
0.598 0
0.599 0
0.6 0
0.601 0
0.602 0
0.603 0
0.604 0
0.605 0
0.606 0
0.607 0
0.608 0
0.609 0
0.61 0
0.611 0
0.612 0
0.613 0
0.614 0
0.615 0
0.616 0
0.617 0
0.618 0
0.619 0
0.62 0
0.621 0
0.622 0
0.623 0
0.624 0
0.625 0
0.626 0
0.627 0
0.628 0
0.629 0
0.63 0
0.631 0
0.632 0
0.633 0
0.634 0
0.635 0
0.636 0
0.637 0
0.638 0
0.639 0
0.64 0
0.641 0
0.642 0
0.643 0
0.644 0
0.645 0
0.646 0
0.647 0
0.648 0
0.649 0
0.65 0
0.651 0
0.652 0
0.653 0
0.654 0
0.655 0
0.656 0
0.657 0
0.658 0
0.659 0
0.66 0
0.661 0
0.662 0
0.663 0
0.664 0
0.665 0
0.666 0
0.667 0
0.668 0
0.669 0
0.67 0
0.671 0
0.672 0
0.673 0
0.674 0
0.675 0
0.676 0
0.677 0
0.678 0
0.679 0
0.68 0
0.681 0
0.682 0
0.683 0
0.684 0
0.685 0
0.686 0
0.687 0
0.688 0
0.689 0
0.69 0
0.691 0
0.692 0
0.693 0
0.694 0
0.695 0
0.696 0
0.697 0
0.698 0
0.699 0
0.7 0
0.701 0
0.702 0
0.703 0
0.704 0
0.705 0
0.706 0
0.707 0
0.708 0
0.709 0
0.71 0
0.711 0
0.712 0
0.713 0
0.714 0
0.715 0
0.716 0
0.717 0
0.718 0
0.719 0
0.72 0
0.721 0
0.722 0
0.723 0
0.724 0
0.725 0
0.726 0
0.727 0
0.728 0
0.729 0
0.73 0
0.731 0
0.732 0
0.733 0
0.734 0
0.735 0
0.736 0
0.737 0
0.738 0
0.739 0
0.74 0
0.741 0
0.742 0
0.743 0
0.744 0
0.745 0
0.746 0
0.747 0
0.748 0
0.749 0
0.75 0
0.751 0
0.752 0
0.753 0
0.754 0
0.755 0
0.756 0
0.757 0
0.758 0
0.759 0
0.76 0
0.761 0
0.762 0
0.763 0
0.764 0
0.765 0
0.766 0
0.767 0
0.768 0
0.769 0
0.77 0
0.771 0
0.772 0
0.773 0
0.774 0
0.775 0
0.776 0
0.777 0
0.778 0
0.779 0
0.78 0
0.781 0
0.782 0
0.783 0
0.784 0
0.785 0
0.786 0
0.787 0
0.788 0
0.789 0
0.79 0
0.791 0
0.792 0
0.793 0
0.794 0
0.795 0
0.796 0
0.797 0
0.798 0
0.799 0
0.8 0
0.801 0
0.802 0
0.803 0
0.804 0
0.805 0
0.806 0
0.807 0
0.808 0
0.809 0
0.81 0
0.811 0
0.812 0
0.813 0
0.814 0
0.815 0
0.816 0
0.817 0
0.818 0
0.819 0
0.82 0
0.821 0
0.822 0
0.823 0
0.824 0
0.825 0
0.826 0
0.827 0
0.828 0
0.829 0
0.83 0
0.831 0
0.832 0
0.833 0
0.834 0
0.835 0
0.836 0
0.837 0
0.838 0
0.839 0
0.84 0
0.841 0
0.842 0
0.843 0
0.844 0
0.845 0
0.846 0
0.847 0
0.848 0
0.849 0
0.85 0
0.851 0
0.852 0
0.853 0
0.854 0
0.855 0
0.856 0
0.857 0
0.858 0
0.859 0
0.86 0
0.861 0
0.862 0
0.863 0
0.864 0
0.865 0
0.866 0
0.867 0
0.868 0
0.869 0
0.87 0
0.871 0
0.872 0
0.873 0
