0 0
0.001 1.1926e-05
0.002 2.4115e-05
0.003 3.6549e-05
0.004 4.921e-05
0.005 6.2079e-05
0.006 7.5139e-05
0.007 8.8372e-05
0.008 0.00010176
0.009 0.00011529
0.01 0.00012894
0.011 0.0001427
0.012 0.00015655
0.013 0.00017048
0.014 0.00018446
0.015 0.00019849
0.016 0.00021254
0.017 0.00022661
0.018 0.00024069
0.019 0.00025474
0.02 0.00026877
0.021 0.00028276
0.022 0.00029669
0.023 0.00031056
0.024 0.00032434
0.025 0.00033803
0.026 0.00035161
0.027 0.00036508
0.028 0.00037842
0.029 0.00039162
0.03 0.00040466
0.031 0.00041755
0.032 0.00043026
0.033 0.00044278
0.034 0.00045512
0.035 0.00046725
0.036 0.00047916
0.037 0.00049086
0.038 0.00050232
0.039 0.00051354
0.04 0.00052451
0.041 0.00053523
0.042 0.00054568
0.043 0.00055587
0.044 0.00056577
0.045 0.00057538
0.046 0.0005847
0.047 0.00059372
0.048 0.00060244
0.049 0.00061084
0.05 0.00061893
0.051 0.00062669
0.052 0.00063412
0.053 0.00064122
0.054 0.00064798
0.055 0.0006544
0.056 0.00066047
0.057 0.00066619
0.058 0.00067156
0.059 0.00067657
0.06 0.00068122
0.061 0.0006855
0.062 0.00068942
0.063 0.00069298
0.064 0.00069616
0.065 0.00069897
0.066 0.00070141
0.067 0.00070348
0.068 0.00070517
0.069 0.00070648
0.07 0.00070742
0.071 0.00070798
0.072 0.00070817
0.073 0.00070806
0.074 0.00070772
0.075 0.00070716
0.076 0.00070639
0.077 0.00070542
0.078 0.00070425
0.079 0.00070289
0.08 0.00070135
0.081 0.00069962
0.082 0.00069772
0.083 0.00069565
0.084 0.00069342
0.085 0.00069103
0.086 0.00068849
0.087 0.00068581
0.088 0.00068298
0.089 0.00068003
0.09 0.00067694
0.091 0.00067373
0.092 0.0006704
0.093 0.00066696
0.094 0.00066341
0.095 0.00065975
0.096 0.000656
0.097 0.00065215
0.098 0.00064822
0.099 0.0006442
0.1 0.00064009
0.101 0.00063592
0.102 0.00063167
0.103 0.00062735
0.104 0.00062297
0.105 0.00061854
0.106 0.00061405
0.107 0.0006095
0.108 0.00060491
0.109 0.00060028
0.11 0.00059561
0.111 0.0005909
0.112 0.00058616
0.113 0.00058139
0.114 0.00057659
0.115 0.00057177
0.116 0.00056693
0.117 0.00056208
0.118 0.00055722
0.119 0.00055234
0.12 0.00054746
0.121 0.00054257
0.122 0.00053768
0.123 0.00053279
0.124 0.00052791
0.125 0.00052303
0.126 0.00051816
0.127 0.0005133
0.128 0.00050845
0.129 0.00050362
0.13 0.00049881
0.131 0.00049402
0.132 0.00048924
0.133 0.00048449
0.134 0.00047977
0.135 0.00047507
0.136 0.00047039
0.137 0.00046575
0.138 0.00046114
0.139 0.00045656
0.14 0.00045202
0.141 0.0004475
0.142 0.00044303
0.143 0.00043859
0.144 0.00043419
0.145 0.00042982
0.146 0.0004255
0.147 0.00042122
0.148 0.00041697
0.149 0.00041277
0.15 0.00040861
0.151 0.00040449
0.152 0.00040041
0.153 0.00039637
0.154 0.00039238
0.155 0.00038843
0.156 0.00038452
0.157 0.00038065
0.158 0.00037683
0.159 0.00037304
0.16 0.0003693
0.161 0.0003656
0.162 0.00036194
0.163 0.00035832
0.164 0.00035473
0.165 0.00035119
0.166 0.00034768
0.167 0.00034421
0.168 0.00034077
0.169 0.00033737
0.17 0.000334
0.171 0.00033066
0.172 0.00032736
0.173 0.00032408
0.174 0.00032083
0.175 0.0003176
0.176 0.0003144
0.177 0.00031122
0.178 0.00030806
0.179 0.00030492
0.18 0.00030179
0.181 0.00029868
0.182 0.00029559
0.183 0.0002925
0.184 0.00028942
0.185 0.00028634
0.186 0.00028327
0.187 0.00028019
0.188 0.00027712
0.189 0.00027404
0.19 0.00027095
0.191 0.00026785
0.192 0.00026473
0.193 0.0002616
0.194 0.00025845
0.195 0.00025527
0.196 0.00025207
0.197 0.00024883
0.198 0.00024557
0.199 0.00024226
0.2 0.00023892
0.201 0.00023553
0.202 0.00023209
0.203 0.0002286
0.204 0.00022505
0.205 0.00022144
0.206 0.00021777
0.207 0.00021402
0.208 0.00021021
0.209 0.00020632
0.21 0.00020234
0.211 0.00019828
0.212 0.00019413
0.213 0.00018988
0.214 0.00018553
0.215 0.00018107
0.216 0.00017651
0.217 0.00017183
0.218 0.00016703
0.219 0.0001621
0.22 0.00015704
0.221 0.00015185
0.222 0.00014651
0.223 0.00014103
0.224 0.00013539
0.225 0.00012959
0.226 0.00012363
0.227 0.0001175
0.228 0.00011119
0.229 0.0001047
0.23 9.8026e-05
0.231 9.1154e-05
0.232 8.408e-05
0.233 7.68e-05
0.234 6.9306e-05
0.235 6.1592e-05
0.236 5.3651e-05
0.237 4.5477e-05
0.238 3.7062e-05
0.239 2.8401e-05
0.24 1.9486e-05
0.241 1.031e-05
0.242 8.6667e-07
0.243 -8.8521e-06
0.244 -1.8853e-05
0.245 -2.9144e-05
0.246 -3.8815e-05
0.247 -4.7016e-05
0.248 -5.3839e-05
0.249 -5.9376e-05
0.25 -6.3716e-05
0.251 -6.6945e-05
0.252 -6.915e-05
0.253 -7.0414e-05
0.254 -7.0817e-05
0.255 -7.044e-05
0.256 -6.936e-05
0.257 -6.7652e-05
0.258 -6.5391e-05
0.259 -6.2648e-05
0.26 -5.9492e-05
0.261 -5.5993e-05
0.262 -5.2215e-05
0.263 -4.8224e-05
0.264 -4.408e-05
0.265 -3.9844e-05
0.266 -3.5574e-05
0.267 -3.1328e-05
0.268 -2.7158e-05
0.269 -2.3118e-05
0.27 -1.9258e-05
0.271 -1.5626e-05
0.272 -1.227e-05
0.273 -9.2339e-06
0.274 -6.5606e-06
0.275 -4.2911e-06
0.276 -2.4642e-06
0.277 -1.117e-06
0.278 -2.8453e-07
0.279 1.6102e-16
0.28 0
0.281 0
0.282 0
0.283 0
0.284 0
0.285 0
0.286 0
0.287 0
0.288 0
0.289 0
0.29 0
0.291 0
0.292 0
0.293 0
0.294 0
0.295 0
0.296 0
0.297 0
0.298 0
0.299 0
0.3 0
0.301 0
0.302 0
0.303 0
0.304 0
0.305 0
0.306 0
0.307 0
0.308 0
0.309 0
0.31 0
0.311 0
0.312 0
0.313 0
0.314 0
0.315 0
0.316 0
0.317 0
0.318 0
0.319 0
0.32 0
0.321 0
0.322 0
0.323 0
0.324 0
0.325 0
0.326 0
0.327 0
0.328 0
0.329 0
0.33 0
0.331 0
0.332 0
0.333 0
0.334 0
0.335 0
0.336 0
0.337 0
0.338 0
0.339 0
0.34 0
0.341 0
0.342 0
0.343 0
0.344 0
0.345 0
0.346 0
0.347 0
0.348 0
0.349 0
0.35 0
0.351 0
0.352 0
0.353 0
0.354 0
0.355 0
0.356 0
0.357 0
0.358 0
0.359 0
0.36 0
0.361 0
0.362 0
0.363 0
0.364 0
0.365 0
0.366 0
0.367 0
0.368 0
0.369 0
0.37 0
0.371 0
0.372 0
0.373 0
0.374 0
0.375 0
0.376 0
0.377 0
0.378 0
0.379 0
0.38 0
0.381 0
0.382 0
0.383 0
0.384 0
0.385 0
0.386 0
0.387 0
0.388 0
0.389 0
0.39 0
0.391 0
0.392 0
0.393 0
0.394 0
0.395 0
0.396 0
0.397 0
0.398 0
0.399 0
0.4 0
0.401 0
0.402 0
0.403 0
0.404 0
0.405 0
0.406 0
0.407 0
0.408 0
0.409 0
0.41 0
0.411 0
0.412 0
0.413 0
0.414 0
0.415 0
0.416 0
0.417 0
0.418 0
0.419 0
0.42 0
0.421 0
0.422 0
0.423 0
0.424 0
0.425 0
0.426 0
0.427 0
0.428 0
0.429 0
0.43 0
0.431 0
0.432 0
0.433 0
0.434 0
0.435 0
0.436 0
0.437 0
0.438 0
0.439 0
0.44 0
0.441 0
0.442 0
0.443 0
0.444 0
0.445 0
0.446 0
0.447 0
0.448 0
0.449 0
0.45 0
0.451 0
0.452 0
0.453 0
0.454 0
0.455 0
0.456 0
0.457 0
0.458 0
0.459 0
0.46 0
0.461 0
0.462 0
0.463 0
0.464 0
0.465 0
0.466 0
0.467 0
0.468 0
0.469 0
0.47 0
0.471 0
0.472 0
0.473 0
0.474 0
0.475 0
0.476 0
0.477 0
0.478 0
0.479 0
0.48 0
0.481 0
0.482 0
0.483 0
0.484 0
0.485 0
0.486 0
0.487 0
0.488 0
0.489 0
0.49 0
0.491 0
0.492 0
0.493 0
0.494 0
0.495 0
0.496 0
0.497 0
0.498 0
0.499 0
0.5 0
0.501 0
0.502 0
0.503 0
0.504 0
0.505 0
0.506 0
0.507 0
0.508 0
0.509 0
0.51 0
0.511 0
0.512 0
0.513 0
0.514 0
0.515 0
0.516 0
0.517 0
0.518 0
0.519 0
0.52 0
0.521 0
0.522 0
0.523 0
0.524 0
0.525 0
0.526 0
0.527 0
0.528 0
0.529 0
0.53 0
0.531 0
0.532 0
0.533 0
0.534 0
0.535 0
0.536 0
0.537 0
0.538 0
0.539 0
0.54 0
0.541 0
0.542 0
0.543 0
0.544 0
0.545 0
0.546 0
0.547 0
0.548 0
0.549 0
0.55 0
0.551 0
0.552 0
0.553 0
0.554 0
0.555 0
0.556 0
0.557 0
0.558 0
0.559 0
0.56 0
0.561 0
0.562 0
0.563 0
0.564 0
0.565 0
0.566 0
0.567 0
0.568 0
0.569 0
0.57 0
0.571 0
0.572 0
0.573 0
0.574 0
0.575 0
0.576 0
0.577 0
0.578 0
0.579 0
0.58 0
0.581 0
0.582 0
0.583 0
0.584 0
0.585 0
0.586 0
0.587 0
0.588 0
0.589 0
0.59 0
0.591 0
0.592 0
0.593 0
0.594 0
0.595 0
0.596 0
0.597 0
0.598 0
0.599 0
0.6 0
0.601 0
0.602 0
0.603 0
0.604 0
0.605 0
0.606 0
0.607 0
0.608 0
0.609 0
0.61 0
0.611 0
0.612 0
0.613 0
0.614 0
0.615 0
0.616 0
0.617 0
0.618 0
0.619 0
0.62 0
0.621 0
0.622 0
0.623 0
0.624 0
0.625 0
0.626 0
0.627 0
0.628 0
0.629 0
0.63 0
0.631 0
0.632 0
0.633 0
0.634 0
0.635 0
0.636 0
0.637 0
0.638 0
0.639 0
0.64 0
0.641 0
0.642 0
0.643 0
0.644 0
0.645 0
0.646 0
0.647 0
0.648 0
0.649 0
0.65 0
0.651 0
0.652 0
0.653 0
0.654 0
0.655 0
0.656 0
0.657 0
0.658 0
0.659 0
0.66 0
0.661 0
0.662 0
0.663 0
0.664 0
0.665 0
0.666 0
0.667 0
0.668 0
0.669 0
0.67 0
0.671 0
0.672 0
0.673 0
0.674 0
0.675 0
0.676 0
0.677 0
0.678 0
0.679 0
0.68 0
0.681 0
0.682 0
0.683 0
0.684 0
0.685 0
0.686 0
0.687 0
0.688 0
0.689 0
0.69 0
0.691 0
0.692 0
0.693 0
0.694 0
0.695 0
0.696 0
0.697 0
0.698 0
0.699 0
0.7 0
0.701 0
0.702 0
0.703 0
0.704 0
0.705 0
0.706 0
0.707 0
0.708 0
0.709 0
0.71 0
0.711 0
0.712 0
0.713 0
0.714 0
0.715 0
0.716 0
0.717 0
0.718 0
0.719 0
0.72 0
0.721 0
0.722 0
0.723 0
0.724 0
0.725 0
0.726 0
0.727 0
0.728 0
0.729 0
0.73 0
0.731 0
0.732 0
0.733 0
0.734 0
0.735 0
0.736 0
0.737 0
0.738 0
0.739 0
0.74 0
0.741 0
0.742 0
0.743 0
0.744 0
0.745 0
0.746 0
0.747 0
0.748 0
0.749 0
0.75 0
0.751 0
0.752 0
0.753 0
0.754 0
0.755 0
0.756 0
0.757 0
0.758 0
0.759 0
0.76 0
0.761 0
0.762 0
0.763 0
0.764 0
0.765 0
0.766 0
0.767 0
0.768 0
0.769 0
0.77 0
0.771 0
0.772 0
0.773 0
0.774 0
0.775 0
0.776 0
0.777 0
0.778 0
0.779 0
0.78 0
0.781 0
0.782 0
