0 0
0.001 11.22
0.002 22.655
0.003 34.29
0.004 46.112
0.005 58.105
0.006 70.255
0.007 82.549
0.008 94.972
0.009 107.51
0.01 120.15
0.011 132.88
0.012 145.69
0.013 158.55
0.014 171.47
0.015 184.42
0.016 197.4
0.017 210.39
0.018 223.38
0.019 236.36
0.02 249.32
0.021 262.24
0.022 275.11
0.023 287.93
0.024 300.67
0.025 313.34
0.026 325.91
0.027 338.38
0.028 350.75
0.029 362.98
0.03 375.09
0.031 387.06
0.032 398.87
0.033 410.52
0.034 422
0.035 433.31
0.036 444.42
0.037 455.34
0.038 466.05
0.039 476.54
0.04 486.81
0.041 496.85
0.042 506.65
0.043 516.21
0.044 525.51
0.045 534.55
0.046 543.32
0.047 551.81
0.048 560.02
0.049 567.94
0.05 575.57
0.051 582.89
0.052 589.9
0.053 596.6
0.054 602.98
0.055 609.03
0.056 614.75
0.057 620.13
0.058 625.17
0.059 629.86
0.06 634.2
0.061 638.18
0.062 641.8
0.063 645.05
0.064 647.94
0.065 650.45
0.066 652.59
0.067 654.34
0.068 655.71
0.069 656.69
0.07 657.28
0.071 657.48
0.072 657.35
0.073 656.96
0.074 656.32
0.075 655.45
0.076 654.34
0.077 653
0.078 651.45
0.079 649.69
0.08 647.73
0.081 645.57
0.082 643.23
0.083 640.71
0.084 638.02
0.085 635.16
0.086 632.15
0.087 628.98
0.088 625.67
0.089 622.22
0.09 618.65
0.091 614.94
0.092 611.12
0.093 607.19
0.094 603.15
0.095 599.02
0.096 594.79
0.097 590.47
0.098 586.07
0.099 581.59
0.1 577.04
0.101 572.43
0.102 567.76
0.103 563.03
0.104 558.25
0.105 553.42
0.106 548.56
0.107 543.66
0.108 538.73
0.109 533.77
0.11 528.79
0.111 523.79
0.112 518.78
0.113 513.76
0.114 508.74
0.115 503.71
0.116 498.68
0.117 493.67
0.118 488.66
0.119 483.66
0.12 478.68
0.121 473.72
0.122 468.78
0.123 463.87
0.124 458.99
0.125 454.14
0.126 449.32
0.127 444.54
0.128 439.8
0.129 435.1
0.13 430.44
0.131 425.83
0.132 421.27
0.133 416.76
0.134 412.3
0.135 407.89
0.136 403.54
0.137 399.25
0.138 395.01
0.139 390.83
0.14 386.72
0.141 382.67
0.142 378.67
0.143 374.75
0.144 370.88
0.145 367.09
0.146 363.36
0.147 359.69
0.148 356.09
0.149 352.56
0.15 349.09
0.151 345.69
0.152 342.36
0.153 339.1
0.154 335.9
0.155 332.76
0.156 329.7
0.157 326.69
0.158 323.76
0.159 320.88
0.16 318.07
0.161 315.31
0.162 312.62
0.163 309.99
0.164 307.41
0.165 304.89
0.166 302.43
0.167 300.01
0.168 297.65
0.169 295.34
0.17 293.07
0.171 290.85
0.172 288.67
0.173 286.53
0.174 284.43
0.175 282.36
0.176 280.33
0.177 278.32
0.178 276.34
0.179 274.39
0.18 272.46
0.181 270.54
0.182 268.64
0.183 266.75
0.184 264.87
0.185 262.99
0.186 261.11
0.187 259.23
0.188 257.34
0.189 255.44
0.19 253.52
0.191 251.58
0.192 249.62
0.193 247.63
0.194 245.6
0.195 243.53
0.196 241.43
0.197 239.27
0.198 237.06
0.199 234.79
0.2 232.46
0.201 230.06
0.202 227.59
0.203 225.03
0.204 222.39
0.205 219.66
0.206 216.83
0.207 213.9
0.208 210.86
0.209 207.7
0.21 204.42
0.211 201.02
0.212 197.48
0.213 193.79
0.214 189.96
0.215 185.98
0.216 181.83
0.217 177.51
0.218 173.02
0.219 168.34
0.22 163.47
0.221 158.4
0.222 153.13
0.223 147.65
0.224 141.94
0.225 136
0.226 129.83
0.227 123.41
0.228 116.73
0.229 109.8
0.23 102.59
0.231 95.106
0.232 87.333
0.233 79.263
0.234 70.887
0.235 62.197
0.236 53.183
0.237 43.837
0.238 34.148
0.239 24.108
0.24 13.706
0.241 2.9341
0.242 -8.2185
0.243 -19.761
0.244 -30.606
0.245 -39.741
0.246 -47.29
0.247 -53.373
0.248 -58.107
0.249 -61.604
0.25 -63.973
0.251 -65.321
0.252 -65.748
0.253 -65.353
0.254 -64.23
0.255 -62.47
0.256 -60.16
0.257 -57.384
0.258 -54.221
0.259 -50.748
0.26 -47.037
0.261 -43.156
0.262 -39.171
0.263 -35.144
0.264 -31.132
0.265 -27.189
0.266 -23.366
0.267 -19.71
0.268 -16.263
0.269 -13.066
0.27 -10.155
0.271 -7.5603
0.272 -5.3118
0.273 -3.4341
0.274 -1.9484
0.275 -0.87214
0.276 -0.21928
0.277 0
0.278 0
0.279 0
0.28 0
0.281 0
0.282 0
0.283 0
0.284 0
0.285 0
0.286 0
0.287 0
0.288 0
0.289 0
0.29 0
0.291 0
0.292 0
0.293 0
0.294 0
0.295 0
0.296 0
0.297 0
0.298 0
0.299 0
0.3 0
0.301 0
0.302 0
0.303 0
0.304 0
0.305 0
0.306 0
0.307 0
0.308 0
0.309 0
0.31 0
0.311 0
0.312 0
0.313 0
0.314 0
0.315 0
0.316 0
0.317 0
0.318 0
0.319 0
0.32 0
0.321 0
0.322 0
0.323 0
0.324 0
0.325 0
0.326 0
0.327 0
0.328 0
0.329 0
0.33 0
0.331 0
0.332 0
0.333 0
0.334 0
0.335 0
0.336 0
0.337 0
0.338 0
0.339 0
0.34 0
0.341 0
0.342 0
0.343 0
0.344 0
0.345 0
0.346 0
0.347 0
0.348 0
0.349 0
0.35 0
0.351 0
0.352 0
0.353 0
0.354 0
0.355 0
0.356 0
0.357 0
0.358 0
0.359 0
0.36 0
0.361 0
0.362 0
0.363 0
0.364 0
0.365 0
0.366 0
0.367 0
0.368 0
0.369 0
0.37 0
0.371 0
0.372 0
0.373 0
0.374 0
0.375 0
0.376 0
0.377 0
0.378 0
0.379 0
0.38 0
0.381 0
0.382 0
0.383 0
0.384 0
0.385 0
0.386 0
0.387 0
0.388 0
0.389 0
0.39 0
0.391 0
0.392 0
0.393 0
0.394 0
0.395 0
0.396 0
0.397 0
0.398 0
0.399 0
0.4 0
0.401 0
0.402 0
0.403 0
0.404 0
0.405 0
0.406 0
0.407 0
0.408 0
0.409 0
0.41 0
0.411 0
0.412 0
0.413 0
0.414 0
0.415 0
0.416 0
0.417 0
0.418 0
0.419 0
0.42 0
0.421 0
0.422 0
0.423 0
0.424 0
0.425 0
0.426 0
0.427 0
0.428 0
0.429 0
0.43 0
0.431 0
0.432 0
0.433 0
0.434 0
0.435 0
0.436 0
0.437 0
0.438 0
0.439 0
0.44 0
0.441 0
0.442 0
0.443 0
0.444 0
0.445 0
0.446 0
0.447 0
0.448 0
0.449 0
0.45 0
0.451 0
0.452 0
0.453 0
0.454 0
0.455 0
0.456 0
0.457 0
0.458 0
0.459 0
0.46 0
0.461 0
0.462 0
0.463 0
0.464 0
0.465 0
0.466 0
0.467 0
0.468 0
0.469 0
0.47 0
0.471 0
0.472 0
0.473 0
0.474 0
0.475 0
0.476 0
0.477 0
0.478 0
0.479 0
0.48 0
0.481 0
0.482 0
0.483 0
0.484 0
0.485 0
0.486 0
0.487 0
0.488 0
0.489 0
0.49 0
0.491 0
0.492 0
0.493 0
0.494 0
0.495 0
0.496 0
0.497 0
0.498 0
0.499 0
0.5 0
0.501 0
0.502 0
0.503 0
0.504 0
0.505 0
0.506 0
0.507 0
0.508 0
0.509 0
0.51 0
0.511 0
0.512 0
0.513 0
0.514 0
0.515 0
0.516 0
0.517 0
0.518 0
0.519 0
0.52 0
0.521 0
0.522 0
0.523 0
0.524 0
0.525 0
0.526 0
0.527 0
0.528 0
0.529 0
0.53 0
0.531 0
0.532 0
0.533 0
0.534 0
0.535 0
0.536 0
0.537 0
0.538 0
0.539 0
0.54 0
0.541 0
0.542 0
0.543 0
0.544 0
0.545 0
0.546 0
0.547 0
0.548 0
0.549 0
0.55 0
0.551 0
0.552 0
0.553 0
0.554 0
0.555 0
0.556 0
0.557 0
0.558 0
0.559 0
0.56 0
0.561 0
0.562 0
0.563 0
0.564 0
0.565 0
0.566 0
0.567 0
0.568 0
0.569 0
0.57 0
0.571 0
0.572 0
0.573 0
0.574 0
0.575 0
0.576 0
0.577 0
0.578 0
0.579 0
0.58 0
0.581 0
0.582 0
0.583 0
0.584 0
0.585 0
0.586 0
0.587 0
0.588 0
0.589 0
0.59 0
0.591 0
0.592 0
0.593 0
0.594 0
0.595 0
0.596 0
0.597 0
0.598 0
0.599 0
0.6 0
0.601 0
0.602 0
0.603 0
0.604 0
0.605 0
0.606 0
0.607 0
0.608 0
0.609 0
0.61 0
0.611 0
0.612 0
0.613 0
0.614 0
0.615 0
0.616 0
0.617 0
0.618 0
0.619 0
0.62 0
0.621 0
0.622 0
0.623 0
0.624 0
0.625 0
0.626 0
0.627 0
0.628 0
0.629 0
0.63 0
0.631 0
0.632 0
0.633 0
0.634 0
0.635 0
0.636 0
0.637 0
0.638 0
0.639 0
0.64 0
0.641 0
0.642 0
0.643 0
0.644 0
0.645 0
0.646 0
0.647 0
0.648 0
0.649 0
0.65 0
0.651 0
0.652 0
0.653 0
0.654 0
0.655 0
0.656 0
0.657 0
0.658 0
0.659 0
0.66 0
0.661 0
0.662 0
0.663 0
0.664 0
0.665 0
0.666 0
0.667 0
0.668 0
0.669 0
0.67 0
0.671 0
0.672 0
0.673 0
0.674 0
0.675 0
0.676 0
0.677 0
0.678 0
0.679 0
0.68 0
0.681 0
0.682 0
0.683 0
0.684 0
0.685 0
0.686 0
0.687 0
0.688 0
0.689 0
0.69 0
0.691 0
0.692 0
0.693 0
0.694 0
0.695 0
0.696 0
0.697 0
0.698 0
0.699 0
0.7 0
0.701 0
0.702 0
0.703 0
0.704 0
0.705 0
0.706 0
0.707 0
0.708 0
0.709 0
0.71 0
0.711 0
0.712 0
0.713 0
0.714 0
0.715 0
0.716 0
0.717 0
0.718 0
0.719 0
0.72 0
0.721 0
0.722 0
0.723 0
0.724 0
0.725 0
0.726 0
0.727 0
0.728 0
0.729 0
0.73 0
0.731 0
0.732 0
0.733 0
0.734 0
0.735 0
0.736 0
0.737 0
0.738 0
0.739 0
0.74 0
0.741 0
0.742 0
0.743 0
0.744 0
0.745 0
0.746 0
0.747 0
0.748 0
0.749 0
0.75 0
0.751 0
0.752 0
0.753 0
0.754 0
0.755 0
0.756 0
0.757 0
0.758 0
0.759 0
0.76 0
0.761 0
0.762 0
0.763 0
0.764 0
0.765 0
0.766 0
0.767 0
0.768 0
0.769 0
0.77 0
0.771 0
0.772 0
0.773 0
0.774 0
0.775 0
0.776 0
0.777 0
0.778 0
0.779 0
0.78 0
0.781 0
0.782 0
0.783 0
0.784 0
0.785 0
0.786 0
0.787 0
0.788 0
0.789 0
0.79 0
0.791 0
0.792 0
0.793 0
0.794 0
0.795 0
0.796 0
0.797 0
0.798 0
0.799 0
0.8 0
0.801 0
0.802 0
0.803 0
0.804 0
0.805 0
0.806 0
0.807 0
0.808 0
0.809 0
0.81 0
0.811 0
0.812 0
0.813 0
0.814 0
0.815 0
0.816 0
0.817 0
0.818 0
0.819 0
0.82 0
0.821 0
0.822 0
0.823 0
0.824 0
0.825 0
0.826 0
0.827 0
0.828 0
0.829 0
0.83 0
0.831 0
0.832 0
0.833 0
0.834 0
0.835 0
0.836 0
0.837 0
0.838 0
0.839 0
0.84 0
0.841 0
0.842 0
0.843 0
0.844 0
0.845 0
0.846 0
0.847 0
0.848 0
0.849 0
0.85 0
0.851 0
0.852 0
0.853 0
0.854 0
0.855 0
0.856 0
0.857 0
0.858 0
0.859 0
0.86 0
0.861 0
0.862 0
0.863 0
0.864 0
0.865 0
0.866 0
0.867 0
0.868 0
0.869 0
0.87 0
0.871 0
0.872 0
0.873 0
