0 0
0.001 1.2131e-05
0.002 2.4614e-05
0.003 3.742e-05
0.004 5.052e-05
0.005 6.3888e-05
0.006 7.7495e-05
0.007 9.1317e-05
0.008 0.00010533
0.009 0.0001195
0.01 0.0001338
0.011 0.00014822
0.012 0.00016273
0.013 0.00017731
0.014 0.00019193
0.015 0.00020657
0.016 0.00022121
0.017 0.00023583
0.018 0.00025041
0.019 0.00026493
0.02 0.00027937
0.021 0.00029371
0.022 0.00030793
0.023 0.00032202
0.024 0.00033596
0.025 0.00034973
0.026 0.00036331
0.027 0.0003767
0.028 0.00038988
0.029 0.00040282
0.03 0.00041553
0.031 0.00042799
0.032 0.00044017
0.033 0.00045208
0.034 0.00046371
0.035 0.00047503
0.036 0.00048604
0.037 0.00049673
0.038 0.00050709
0.039 0.00051712
0.04 0.0005268
0.041 0.00053613
0.042 0.00054511
0.043 0.00055371
0.044 0.00056195
0.045 0.00056981
0.046 0.00057729
0.047 0.00058439
0.048 0.0005911
0.049 0.00059743
0.05 0.00060336
0.051 0.00060889
0.052 0.00061403
0.053 0.00061878
0.054 0.00062313
0.055 0.00062709
0.056 0.00063066
0.057 0.00063383
0.058 0.00063661
0.059 0.00063901
0.06 0.00064103
0.061 0.00064267
0.062 0.00064393
0.063 0.00064483
0.064 0.00064536
0.065 0.00064553
0.066 0.00064538
0.067 0.00064492
0.068 0.00064417
0.069 0.00064315
0.07 0.00064185
0.071 0.00064029
0.072 0.00063848
0.073 0.00063643
0.074 0.00063414
0.075 0.00063164
0.076 0.00062893
0.077 0.00062601
0.078 0.00062291
0.079 0.00061961
0.08 0.00061615
0.081 0.00061251
0.082 0.00060872
0.083 0.00060478
0.084 0.0006007
0.085 0.00059648
0.086 0.00059214
0.087 0.00058769
0.088 0.00058312
0.089 0.00057845
0.09 0.00057369
0.091 0.00056884
0.092 0.0005639
0.093 0.0005589
0.094 0.00055383
0.095 0.00054869
0.096 0.00054351
0.097 0.00053827
0.098 0.00053299
0.099 0.00052768
0.1 0.00052234
0.101 0.00051698
0.102 0.00051159
0.103 0.00050619
0.104 0.00050079
0.105 0.00049538
0.106 0.00048997
0.107 0.00048457
0.108 0.00047919
0.109 0.00047381
0.11 0.00046846
0.111 0.00046313
0.112 0.00045783
0.113 0.00045256
0.114 0.00044733
0.115 0.00044214
0.116 0.00043699
0.117 0.00043188
0.118 0.00042683
0.119 0.00042183
0.12 0.00041688
0.121 0.00041199
0.122 0.00040715
0.123 0.00040239
0.124 0.00039768
0.125 0.00039304
0.126 0.00038847
0.127 0.00038397
0.128 0.00037954
0.129 0.00037519
0.13 0.0003709
0.131 0.0003667
0.132 0.00036257
0.133 0.00035852
0.134 0.00035454
0.135 0.00035064
0.136 0.00034682
0.137 0.00034308
0.138 0.00033942
0.139 0.00033584
0.14 0.00033234
0.141 0.00032891
0.142 0.00032556
0.143 0.00032229
0.144 0.0003191
0.145 0.00031597
0.146 0.00031293
0.147 0.00030995
0.148 0.00030705
0.149 0.00030421
0.15 0.00030145
0.151 0.00029874
0.152 0.00029611
0.153 0.00029353
0.154 0.00029101
0.155 0.00028855
0.156 0.00028614
0.157 0.00028378
0.158 0.00028147
0.159 0.00027921
0.16 0.00027699
0.161 0.0002748
0.162 0.00027265
0.163 0.00027053
0.164 0.00026843
0.165 0.00026636
0.166 0.00026431
0.167 0.00026227
0.168 0.00026024
0.169 0.00025821
0.17 0.00025619
0.171 0.00025416
0.172 0.00025212
0.173 0.00025006
0.174 0.00024799
0.175 0.00024588
0.176 0.00024375
0.177 0.00024158
0.178 0.00023936
0.179 0.00023709
0.18 0.00023477
0.181 0.00023238
0.182 0.00022992
0.183 0.00022739
0.184 0.00022477
0.185 0.00022207
0.186 0.00021926
0.187 0.00021635
0.188 0.00021333
0.189 0.00021019
0.19 0.00020692
0.191 0.00020351
0.192 0.00019996
0.193 0.00019625
0.194 0.00019238
0.195 0.00018835
0.196 0.00018413
0.197 0.00017973
0.198 0.00017513
0.199 0.00017033
0.2 0.00016531
0.201 0.00016006
0.202 0.00015458
0.203 0.00014886
0.204 0.00014288
0.205 0.00013664
0.206 0.00013012
0.207 0.00012332
0.208 0.00011622
0.209 0.00010881
0.21 0.00010109
0.211 9.3042e-05
0.212 8.4651e-05
0.213 7.591e-05
0.214 6.6806e-05
0.215 5.7328e-05
0.216 4.7465e-05
0.217 3.7203e-05
0.218 2.6531e-05
0.219 1.5436e-05
0.22 3.9072e-06
0.221 -8.0692e-06
0.222 -2.0506e-05
0.223 -3.2087e-05
0.224 -4.1607e-05
0.225 -4.9236e-05
0.226 -5.5137e-05
0.227 -5.947e-05
0.228 -6.2387e-05
0.229 -6.4034e-05
0.23 -6.4553e-05
0.231 -6.4078e-05
0.232 -6.2738e-05
0.233 -6.0656e-05
0.234 -5.7949e-05
0.235 -5.4728e-05
0.236 -5.1098e-05
0.237 -4.7158e-05
0.238 -4.3001e-05
0.239 -3.8716e-05
0.24 -3.4383e-05
0.241 -3.0078e-05
0.242 -2.5871e-05
0.243 -2.1825e-05
0.244 -1.7998e-05
0.245 -1.4441e-05
0.246 -1.1202e-05
0.247 -8.3184e-06
0.248 -5.8259e-06
0.249 -3.7522e-06
0.25 -2.1194e-06
0.251 -9.4393e-07
0.252 -2.3598e-07
0.253 1.4678e-16
0.254 0
0.255 0
0.256 0
0.257 0
0.258 0
0.259 0
0.26 0
0.261 0
0.262 0
0.263 0
0.264 0
0.265 0
0.266 0
0.267 0
0.268 0
0.269 0
0.27 0
0.271 0
0.272 0
0.273 0
0.274 0
0.275 0
0.276 0
0.277 0
0.278 0
0.279 0
0.28 0
0.281 0
0.282 0
0.283 0
0.284 0
0.285 0
0.286 0
0.287 0
0.288 0
0.289 0
0.29 0
0.291 0
0.292 0
0.293 0
0.294 0
0.295 0
0.296 0
0.297 0
0.298 0
0.299 0
0.3 0
0.301 0
0.302 0
0.303 0
0.304 0
0.305 0
0.306 0
0.307 0
0.308 0
0.309 0
0.31 0
0.311 0
0.312 0
0.313 0
0.314 0
0.315 0
0.316 0
0.317 0
0.318 0
0.319 0
0.32 0
0.321 0
0.322 0
0.323 0
0.324 0
0.325 0
0.326 0
0.327 0
0.328 0
0.329 0
0.33 0
0.331 0
0.332 0
0.333 0
0.334 0
0.335 0
0.336 0
0.337 0
0.338 0
0.339 0
0.34 0
0.341 0
0.342 0
0.343 0
0.344 0
0.345 0
0.346 0
0.347 0
0.348 0
0.349 0
0.35 0
0.351 0
0.352 0
0.353 0
0.354 0
0.355 0
0.356 0
0.357 0
0.358 0
0.359 0
0.36 0
0.361 0
0.362 0
0.363 0
0.364 0
0.365 0
0.366 0
0.367 0
0.368 0
0.369 0
0.37 0
0.371 0
0.372 0
0.373 0
0.374 0
0.375 0
0.376 0
0.377 0
0.378 0
0.379 0
0.38 0
0.381 0
0.382 0
0.383 0
0.384 0
0.385 0
0.386 0
0.387 0
0.388 0
0.389 0
0.39 0
0.391 0
0.392 0
0.393 0
0.394 0
0.395 0
0.396 0
0.397 0
0.398 0
0.399 0
0.4 0
0.401 0
0.402 0
0.403 0
0.404 0
0.405 0
0.406 0
0.407 0
0.408 0
0.409 0
0.41 0
0.411 0
0.412 0
0.413 0
0.414 0
0.415 0
0.416 0
0.417 0
0.418 0
0.419 0
0.42 0
0.421 0
0.422 0
0.423 0
0.424 0
0.425 0
0.426 0
0.427 0
0.428 0
0.429 0
0.43 0
0.431 0
0.432 0
0.433 0
0.434 0
0.435 0
0.436 0
0.437 0
0.438 0
0.439 0
0.44 0
0.441 0
0.442 0
0.443 0
0.444 0
0.445 0
0.446 0
0.447 0
0.448 0
0.449 0
0.45 0
0.451 0
0.452 0
0.453 0
0.454 0
0.455 0
0.456 0
0.457 0
0.458 0
0.459 0
0.46 0
0.461 0
0.462 0
0.463 0
0.464 0
0.465 0
0.466 0
0.467 0
0.468 0
0.469 0
0.47 0
0.471 0
0.472 0
0.473 0
0.474 0
0.475 0
0.476 0
0.477 0
0.478 0
0.479 0
0.48 0
0.481 0
0.482 0
0.483 0
0.484 0
0.485 0
0.486 0
0.487 0
0.488 0
0.489 0
0.49 0
0.491 0
0.492 0
0.493 0
0.494 0
0.495 0
0.496 0
0.497 0
0.498 0
0.499 0
0.5 0
0.501 0
0.502 0
0.503 0
0.504 0
0.505 0
0.506 0
0.507 0
0.508 0
0.509 0
0.51 0
0.511 0
0.512 0
0.513 0
0.514 0
0.515 0
0.516 0
0.517 0
0.518 0
0.519 0
0.52 0
0.521 0
0.522 0
0.523 0
0.524 0
0.525 0
0.526 0
0.527 0
0.528 0
0.529 0
0.53 0
0.531 0
0.532 0
0.533 0
0.534 0
0.535 0
0.536 0
0.537 0
0.538 0
0.539 0
0.54 0
0.541 0
0.542 0
0.543 0
0.544 0
0.545 0
0.546 0
0.547 0
0.548 0
0.549 0
0.55 0
0.551 0
0.552 0
0.553 0
0.554 0
0.555 0
0.556 0
0.557 0
0.558 0
0.559 0
0.56 0
0.561 0
0.562 0
0.563 0
0.564 0
0.565 0
0.566 0
0.567 0
0.568 0
0.569 0
0.57 0
0.571 0
0.572 0
0.573 0
0.574 0
0.575 0
0.576 0
0.577 0
0.578 0
0.579 0
0.58 0
0.581 0
0.582 0
0.583 0
0.584 0
0.585 0
0.586 0
0.587 0
0.588 0
0.589 0
0.59 0
0.591 0
0.592 0
0.593 0
0.594 0
0.595 0
0.596 0
0.597 0
0.598 0
0.599 0
0.6 0
0.601 0
0.602 0
0.603 0
0.604 0
0.605 0
0.606 0
0.607 0
0.608 0
0.609 0
0.61 0
0.611 0
0.612 0
0.613 0
0.614 0
0.615 0
0.616 0
0.617 0
0.618 0
0.619 0
0.62 0
0.621 0
0.622 0
0.623 0
0.624 0
0.625 0
0.626 0
0.627 0
0.628 0
0.629 0
0.63 0
0.631 0
0.632 0
0.633 0
0.634 0
0.635 0
0.636 0
0.637 0
0.638 0
0.639 0
0.64 0
0.641 0
0.642 0
0.643 0
0.644 0
0.645 0
0.646 0
0.647 0
0.648 0
0.649 0
0.65 0
0.651 0
0.652 0
0.653 0
0.654 0
0.655 0
0.656 0
0.657 0
0.658 0
0.659 0
0.66 0
0.661 0
0.662 0
0.663 0
0.664 0
0.665 0
0.666 0
0.667 0
0.668 0
0.669 0
0.67 0
0.671 0
0.672 0
0.673 0
0.674 0
0.675 0
0.676 0
0.677 0
0.678 0
0.679 0
0.68 0
0.681 0
0.682 0
0.683 0
0.684 0
0.685 0
0.686 0
0.687 0
0.688 0
0.689 0
0.69 0
0.691 0
0.692 0
0.693 0
0.694 0
0.695 0
0.696 0
0.697 0
0.698 0
0.699 0
0.7 0
0.701 0
0.702 0
0.703 0
0.704 0
0.705 0
0.706 0
0.707 0
0.708 0
0.709 0
