0 0
0.001 11.091
0.002 22.454
0.003 34.071
0.004 45.923
0.005 57.994
0.006 70.266
0.007 82.72
0.008 95.341
0.009 108.11
0.01 121.02
0.011 134.04
0.012 147.16
0.013 160.37
0.014 173.65
0.015 186.99
0.016 200.37
0.017 213.77
0.018 227.19
0.019 240.61
0.02 254.02
0.021 267.4
0.022 280.74
0.023 294.03
0.024 307.26
0.025 320.41
0.026 333.47
0.027 346.44
0.028 359.29
0.029 372.03
0.03 384.64
0.031 397.11
0.032 409.42
0.033 421.58
0.034 433.57
0.035 445.39
0.036 457.01
0.037 468.45
0.038 479.68
0.039 490.7
0.04 501.51
0.041 512.09
0.042 522.45
0.043 532.56
0.044 542.44
0.045 552.06
0.046 561.43
0.047 570.55
0.048 579.39
0.049 587.97
0.05 596.28
0.051 604.31
0.052 612.05
0.053 619.52
0.054 626.7
0.055 633.58
0.056 640.18
0.057 646.48
0.058 652.48
0.059 658.18
0.06 663.59
0.061 668.69
0.062 673.49
0.063 678
0.064 682.2
0.065 686.09
0.066 689.69
0.067 692.99
0.068 695.99
0.069 698.69
0.07 701.09
0.071 703.2
0.072 705.02
0.073 706.55
0.074 707.79
0.075 708.75
0.076 709.44
0.077 709.84
0.078 709.98
0.079 709.87
0.08 709.55
0.081 709.04
0.082 708.32
0.083 707.42
0.084 706.32
0.085 705.05
0.086 703.61
0.087 701.99
0.088 700.21
0.089 698.27
0.09 696.18
0.091 693.95
0.092 691.57
0.093 689.05
0.094 686.4
0.095 683.62
0.096 680.71
0.097 677.69
0.098 674.56
0.099 671.32
0.1 667.97
0.101 664.52
0.102 660.98
0.103 657.35
0.104 653.63
0.105 649.83
0.106 645.95
0.107 641.99
0.108 637.97
0.109 633.88
0.11 629.72
0.111 625.51
0.112 621.25
0.113 616.93
0.114 612.56
0.115 608.15
0.116 603.7
0.117 599.22
0.118 594.7
0.119 590.15
0.12 585.57
0.121 580.97
0.122 576.34
0.123 571.7
0.124 567.04
0.125 562.38
0.126 557.7
0.127 553.01
0.128 548.32
0.129 543.63
0.13 538.94
0.131 534.26
0.132 529.58
0.133 524.91
0.134 520.24
0.135 515.6
0.136 510.96
0.137 506.34
0.138 501.74
0.139 497.17
0.14 492.61
0.141 488.08
0.142 483.57
0.143 479.09
0.144 474.64
0.145 470.23
0.146 465.84
0.147 461.49
0.148 457.17
0.149 452.88
0.15 448.64
0.151 444.43
0.152 440.26
0.153 436.13
0.154 432.04
0.155 428
0.156 423.99
0.157 420.03
0.158 416.12
0.159 412.24
0.16 408.42
0.161 404.63
0.162 400.9
0.163 397.2
0.164 393.56
0.165 389.96
0.166 386.4
0.167 382.9
0.168 379.44
0.169 376.02
0.17 372.65
0.171 369.32
0.172 366.04
0.173 362.81
0.174 359.62
0.175 356.47
0.176 353.37
0.177 350.3
0.178 347.28
0.179 344.3
0.18 341.36
0.181 338.46
0.182 335.59
0.183 332.76
0.184 329.97
0.185 327.21
0.186 324.48
0.187 321.79
0.188 319.13
0.189 316.49
0.19 313.88
0.191 311.3
0.192 308.73
0.193 306.2
0.194 303.68
0.195 301.17
0.196 298.69
0.197 296.22
0.198 293.76
0.199 291.31
0.2 288.86
0.201 286.43
0.202 283.99
0.203 281.55
0.204 279.12
0.205 276.67
0.206 274.22
0.207 271.76
0.208 269.28
0.209 266.79
0.21 264.28
0.211 261.75
0.212 259.19
0.213 256.6
0.214 253.98
0.215 251.33
0.216 248.64
0.217 245.9
0.218 243.12
0.219 240.29
0.22 237.41
0.221 234.47
0.222 231.48
0.223 228.42
0.224 225.29
0.225 222.08
0.226 218.81
0.227 215.45
0.228 212.01
0.229 208.48
0.23 204.86
0.231 201.14
0.232 197.32
0.233 193.39
0.234 189.35
0.235 185.2
0.236 180.93
0.237 176.53
0.238 172
0.239 167.34
0.24 162.53
0.241 157.59
0.242 152.49
0.243 147.24
0.244 141.82
0.245 136.24
0.246 130.49
0.247 124.57
0.248 118.46
0.249 112.16
0.25 105.67
0.251 98.981
0.252 92.086
0.253 84.98
0.254 77.657
0.255 70.11
0.256 62.335
0.257 54.324
0.258 46.072
0.259 37.571
0.26 28.817
0.261 19.801
0.262 10.519
0.263 0.9622
0.264 -8.8747
0.265 -18.999
0.266 -29.417
0.267 -39.184
0.268 -47.423
0.269 -54.243
0.27 -59.749
0.271 -64.041
0.272 -67.219
0.273 -69.377
0.274 -70.607
0.275 -70.998
0.276 -70.635
0.277 -69.6
0.278 -67.973
0.279 -65.83
0.28 -63.242
0.281 -60.28
0.282 -57.008
0.283 -53.492
0.284 -49.789
0.285 -45.957
0.286 -42.048
0.287 -38.114
0.288 -34.2
0.289 -30.351
0.29 -26.606
0.291 -23.004
0.292 -19.577
0.293 -16.357
0.294 -13.372
0.295 -10.645
0.296 -8.1977
0.297 -6.0482
0.298 -4.2111
0.299 -2.6978
0.3 -1.5166
0.301 -0.6726
0.302 -0.16752
0.303 1.6143e-10
0.304 0
0.305 0
0.306 0
0.307 0
0.308 0
0.309 0
0.31 0
0.311 0
0.312 0
0.313 0
0.314 0
0.315 0
0.316 0
0.317 0
0.318 0
0.319 0
0.32 0
0.321 0
0.322 0
0.323 0
0.324 0
0.325 0
0.326 0
0.327 0
0.328 0
0.329 0
0.33 0
0.331 0
0.332 0
0.333 0
0.334 0
0.335 0
0.336 0
0.337 0
0.338 0
0.339 0
0.34 0
0.341 0
0.342 0
0.343 0
0.344 0
0.345 0
0.346 0
0.347 0
0.348 0
0.349 0
0.35 0
0.351 0
0.352 0
0.353 0
0.354 0
0.355 0
0.356 0
0.357 0
0.358 0
0.359 0
0.36 0
0.361 0
0.362 0
0.363 0
0.364 0
0.365 0
0.366 0
0.367 0
0.368 0
0.369 0
0.37 0
0.371 0
0.372 0
0.373 0
0.374 0
0.375 0
0.376 0
0.377 0
0.378 0
0.379 0
0.38 0
0.381 0
0.382 0
0.383 0
0.384 0
0.385 0
0.386 0
0.387 0
0.388 0
0.389 0
0.39 0
0.391 0
0.392 0
0.393 0
0.394 0
0.395 0
0.396 0
0.397 0
0.398 0
0.399 0
0.4 0
0.401 0
0.402 0
0.403 0
0.404 0
0.405 0
0.406 0
0.407 0
0.408 0
0.409 0
0.41 0
0.411 0
0.412 0
0.413 0
0.414 0
0.415 0
0.416 0
0.417 0
0.418 0
0.419 0
0.42 0
0.421 0
0.422 0
0.423 0
0.424 0
0.425 0
0.426 0
0.427 0
0.428 0
0.429 0
0.43 0
0.431 0
0.432 0
0.433 0
0.434 0
0.435 0
0.436 0
0.437 0
0.438 0
0.439 0
0.44 0
0.441 0
0.442 0
0.443 0
0.444 0
0.445 0
0.446 0
0.447 0
0.448 0
0.449 0
0.45 0
0.451 0
0.452 0
0.453 0
0.454 0
0.455 0
0.456 0
0.457 0
0.458 0
0.459 0
0.46 0
0.461 0
0.462 0
0.463 0
0.464 0
0.465 0
0.466 0
0.467 0
0.468 0
0.469 0
0.47 0
0.471 0
0.472 0
0.473 0
0.474 0
0.475 0
0.476 0
0.477 0
0.478 0
0.479 0
0.48 0
0.481 0
0.482 0
0.483 0
0.484 0
0.485 0
0.486 0
0.487 0
0.488 0
0.489 0
0.49 0
0.491 0
0.492 0
0.493 0
0.494 0
0.495 0
0.496 0
0.497 0
0.498 0
0.499 0
0.5 0
0.501 0
0.502 0
0.503 0
0.504 0
0.505 0
0.506 0
0.507 0
0.508 0
0.509 0
0.51 0
0.511 0
0.512 0
0.513 0
0.514 0
0.515 0
0.516 0
0.517 0
0.518 0
0.519 0
0.52 0
0.521 0
0.522 0
0.523 0
0.524 0
0.525 0
0.526 0
0.527 0
0.528 0
0.529 0
0.53 0
0.531 0
0.532 0
0.533 0
0.534 0
0.535 0
0.536 0
0.537 0
0.538 0
0.539 0
0.54 0
0.541 0
0.542 0
0.543 0
0.544 0
0.545 0
0.546 0
0.547 0
0.548 0
0.549 0
0.55 0
0.551 0
0.552 0
0.553 0
0.554 0
0.555 0
0.556 0
0.557 0
0.558 0
0.559 0
0.56 0
0.561 0
0.562 0
0.563 0
0.564 0
0.565 0
0.566 0
0.567 0
0.568 0
0.569 0
0.57 0
0.571 0
0.572 0
0.573 0
0.574 0
0.575 0
0.576 0
0.577 0
0.578 0
0.579 0
0.58 0
0.581 0
0.582 0
0.583 0
0.584 0
0.585 0
0.586 0
0.587 0
0.588 0
0.589 0
0.59 0
0.591 0
0.592 0
0.593 0
0.594 0
0.595 0
0.596 0
0.597 0
0.598 0
0.599 0
0.6 0
0.601 0
0.602 0
0.603 0
0.604 0
0.605 0
0.606 0
0.607 0
0.608 0
0.609 0
0.61 0
0.611 0
0.612 0
0.613 0
0.614 0
0.615 0
0.616 0
0.617 0
0.618 0
0.619 0
0.62 0
0.621 0
0.622 0
0.623 0
0.624 0
0.625 0
0.626 0
0.627 0
0.628 0
0.629 0
0.63 0
0.631 0
0.632 0
0.633 0
0.634 0
0.635 0
0.636 0
0.637 0
0.638 0
0.639 0
0.64 0
0.641 0
0.642 0
0.643 0
0.644 0
0.645 0
0.646 0
0.647 0
0.648 0
0.649 0
0.65 0
0.651 0
0.652 0
0.653 0
0.654 0
0.655 0
0.656 0
0.657 0
0.658 0
0.659 0
0.66 0
0.661 0
0.662 0
0.663 0
0.664 0
0.665 0
0.666 0
0.667 0
0.668 0
0.669 0
0.67 0
0.671 0
0.672 0
0.673 0
0.674 0
0.675 0
0.676 0
0.677 0
0.678 0
0.679 0
0.68 0
0.681 0
0.682 0
0.683 0
0.684 0
0.685 0
0.686 0
0.687 0
0.688 0
0.689 0
0.69 0
0.691 0
0.692 0
0.693 0
0.694 0
0.695 0
0.696 0
0.697 0
0.698 0
0.699 0
0.7 0
0.701 0
0.702 0
0.703 0
0.704 0
0.705 0
0.706 0
0.707 0
0.708 0
0.709 0
0.71 0
0.711 0
0.712 0
0.713 0
0.714 0
0.715 0
0.716 0
0.717 0
0.718 0
0.719 0
0.72 0
0.721 0
0.722 0
0.723 0
0.724 0
0.725 0
0.726 0
0.727 0
0.728 0
0.729 0
0.73 0
0.731 0
0.732 0
0.733 0
0.734 0
0.735 0
0.736 0
0.737 0
0.738 0
0.739 0
0.74 0
0.741 0
0.742 0
0.743 0
0.744 0
0.745 0
0.746 0
0.747 0
0.748 0
0.749 0
0.75 0
0.751 0
0.752 0
0.753 0
0.754 0
0.755 0
0.756 0
0.757 0
0.758 0
0.759 0
0.76 0
0.761 0
0.762 0
0.763 0
0.764 0
0.765 0
0.766 0
0.767 0
0.768 0
0.769 0
0.77 0
0.771 0
0.772 0
0.773 0
0.774 0
0.775 0
0.776 0
0.777 0
0.778 0
0.779 0
0.78 0
0.781 0
0.782 0
0.783 0
0.784 0
0.785 0
0.786 0
0.787 0
0.788 0
0.789 0
0.79 0
0.791 0
0.792 0
0.793 0
0.794 0
0.795 0
0.796 0
0.797 0
0.798 0
0.799 0
0.8 0
0.801 0
0.802 0
0.803 0
0.804 0
0.805 0
0.806 0
0.807 0
0.808 0
0.809 0
0.81 0
0.811 0
0.812 0
0.813 0
0.814 0
0.815 0
0.816 0
0.817 0
0.818 0
0.819 0
0.82 0
0.821 0
0.822 0
0.823 0
0.824 0
0.825 0
0.826 0
0.827 0
0.828 0
0.829 0
0.83 0
0.831 0
0.832 0
0.833 0
0.834 0
0.835 0
0.836 0
0.837 0
0.838 0
0.839 0
0.84 0
0.841 0
0.842 0
0.843 0
0.844 0
0.845 0
0.846 0
0.847 0
0.848 0
0.849 0
0.85 0
0.851 0
0.852 0
0.853 0
0.854 0
0.855 0
0.856 0
0.857 0
0.858 0
0.859 0
0.86 0
0.861 0
0.862 0
0.863 0
0.864 0
0.865 0
0.866 0
0.867 0
0.868 0
0.869 0
0.87 0
0.871 0
0.872 0
0.873 0
0.874 0
0.875 0
0.876 0
0.877 0
0.878 0
0.879 0
0.88 0
0.881 0
0.882 0
0.883 0
0.884 0
0.885 0
0.886 0
0.887 0
0.888 0
0.889 0
0.89 0
0.891 0
0.892 0
0.893 0
0.894 0
0.895 0
0.896 0
0.897 0
0.898 0
0.899 0
0.9 0
0.901 0
0.902 0
0.903 0
0.904 0
0.905 0
0.906 0
0.907 0
0.908 0
0.909 0
0.91 0
0.911 0
0.912 0
0.913 0
0.914 0
0.915 0
0.916 0
0.917 0
0.918 0
0.919 0
0.92 0
0.921 0
0.922 0
0.923 0
0.924 0
0.925 0
0.926 0
0.927 0
0.928 0
0.929 0
0.93 0
0.931 0
0.932 0
0.933 0
0.934 0
0.935 0
0.936 0
0.937 0
0.938 0
0.939 0
0.94 0
0.941 0
0.942 0
0.943 0
0.944 0
0.945 0
0.946 0
0.947 0
0.948 0
0.949 0
0.95 0
0.951 0
0.952 0
0.953 0
0.954 0
0.955 0
0.956 0
0.957 0
0.958 0
0.959 0
0.96 0
0.961 0
0.962 0
0.963 0
0.964 0
0.965 0
0.966 0
0.967 0
0.968 0
0.969 0
0.97 0
0.971 0
0.972 0
0.973 0
0.974 0
0.975 0
0.976 0
0.977 0
0.978 0
0.979 0
0.98 0
0.981 0
0.982 0
0.983 0
0.984 0
0.985 0
0.986 0
0.987 0
