0 0
0.001 1.1596e-05
0.002 2.3429e-05
0.003 3.5482e-05
0.004 4.7741e-05
0.005 6.019e-05
0.006 7.2814e-05
0.007 8.5598e-05
0.008 9.8529e-05
0.009 0.00011159
0.01 0.00012477
0.011 0.00013805
0.012 0.00015143
0.013 0.00016488
0.014 0.00017839
0.015 0.00019195
0.016 0.00020555
0.017 0.00021918
0.018 0.00023282
0.019 0.00024646
0.02 0.00026008
0.021 0.00027368
0.022 0.00028725
0.023 0.00030077
0.024 0.00031423
0.025 0.00032762
0.026 0.00034094
0.027 0.00035416
0.028 0.00036728
0.029 0.00038029
0.03 0.00039318
0.031 0.00040594
0.032 0.00041856
0.033 0.00043103
0.034 0.00044334
0.035 0.00045549
0.036 0.00046745
0.037 0.00047924
0.038 0.00049083
0.039 0.00050222
0.04 0.0005134
0.041 0.00052436
0.042 0.0005351
0.043 0.00054561
0.044 0.00055588
0.045 0.00056591
0.046 0.00057568
0.047 0.0005852
0.048 0.00059445
0.049 0.00060343
0.05 0.00061214
0.051 0.00062056
0.052 0.0006287
0.053 0.00063654
0.054 0.00064409
0.055 0.00065134
0.056 0.00065827
0.057 0.0006649
0.058 0.00067122
0.059 0.00067721
0.06 0.00068288
0.061 0.00068823
0.062 0.00069325
0.063 0.00069793
0.064 0.00070228
0.065 0.00070629
0.066 0.00070996
0.067 0.00071329
0.068 0.00071627
0.069 0.00071891
0.07 0.0007212
0.071 0.00072314
0.072 0.00072473
0.073 0.00072596
0.074 0.00072685
0.075 0.00072738
0.076 0.00072755
0.077 0.00072745
0.078 0.00072715
0.079 0.00072666
0.08 0.00072597
0.081 0.0007251
0.082 0.00072405
0.083 0.00072283
0.084 0.00072145
0.085 0.00071989
0.086 0.00071818
0.087 0.00071632
0.088 0.00071431
0.089 0.00071215
0.09 0.00070986
0.091 0.00070743
0.092 0.00070487
0.093 0.00070219
0.094 0.00069939
0.095 0.00069647
0.096 0.00069344
0.097 0.0006903
0.098 0.00068706
0.099 0.00068372
0.1 0.00068028
0.101 0.00067675
0.102 0.00067314
0.103 0.00066944
0.104 0.00066567
0.105 0.00066182
0.106 0.00065789
0.107 0.0006539
0.108 0.00064985
0.109 0.00064573
0.11 0.00064156
0.111 0.00063733
0.112 0.00063305
0.113 0.00062873
0.114 0.00062436
0.115 0.00061995
0.116 0.0006155
0.117 0.00061101
0.118 0.0006065
0.119 0.00060195
0.12 0.00059738
0.121 0.00059279
0.122 0.00058817
0.123 0.00058354
0.124 0.00057889
0.125 0.00057423
0.126 0.00056956
0.127 0.00056488
0.128 0.0005602
0.129 0.00055551
0.13 0.00055082
0.131 0.00054613
0.132 0.00054144
0.133 0.00053676
0.134 0.00053209
0.135 0.00052742
0.136 0.00052276
0.137 0.00051812
0.138 0.00051349
0.139 0.00050888
0.14 0.00050428
0.141 0.00049971
0.142 0.00049515
0.143 0.00049061
0.144 0.0004861
0.145 0.00048161
0.146 0.00047715
0.147 0.00047271
0.148 0.00046831
0.149 0.00046393
0.15 0.00045957
0.151 0.00045525
0.152 0.00045096
0.153 0.00044671
0.154 0.00044248
0.155 0.00043829
0.156 0.00043413
0.157 0.00043001
0.158 0.00042592
0.159 0.00042187
0.16 0.00041785
0.161 0.00041387
0.162 0.00040992
0.163 0.00040601
0.164 0.00040213
0.165 0.00039829
0.166 0.00039449
0.167 0.00039072
0.168 0.00038699
0.169 0.00038329
0.17 0.00037963
0.171 0.000376
0.172 0.00037241
0.173 0.00036885
0.174 0.00036532
0.175 0.00036183
0.176 0.00035837
0.177 0.00035493
0.178 0.00035153
0.179 0.00034816
0.18 0.00034481
0.181 0.0003415
0.182 0.00033821
0.183 0.00033494
0.184 0.0003317
0.185 0.00032848
0.186 0.00032528
0.187 0.0003221
0.188 0.00031893
0.189 0.00031579
0.19 0.00031266
0.191 0.00030954
0.192 0.00030644
0.193 0.00030334
0.194 0.00030025
0.195 0.00029717
0.196 0.0002941
0.197 0.00029102
0.198 0.00028795
0.199 0.00028487
0.2 0.00028179
0.201 0.0002787
0.202 0.0002756
0.203 0.00027249
0.204 0.00026937
0.205 0.00026623
0.206 0.00026308
0.207 0.0002599
0.208 0.00025669
0.209 0.00025346
0.21 0.0002502
0.211 0.0002469
0.212 0.00024357
0.213 0.0002402
0.214 0.00023679
0.215 0.00023333
0.216 0.00022982
0.217 0.00022627
0.218 0.00022265
0.219 0.00021898
0.22 0.00021524
0.221 0.00021144
0.222 0.00020757
0.223 0.00020363
0.224 0.00019961
0.225 0.00019551
0.226 0.00019132
0.227 0.00018705
0.228 0.00018268
0.229 0.00017822
0.23 0.00017365
0.231 0.00016898
0.232 0.00016421
0.233 0.00015932
0.234 0.00015431
0.235 0.00014917
0.236 0.00014392
0.237 0.00013853
0.238 0.000133
0.239 0.00012733
0.24 0.00012152
0.241 0.00011556
0.242 0.00010944
0.243 0.00010316
0.244 9.672e-05
0.245 9.0107e-05
0.246 8.3318e-05
0.247 7.6349e-05
0.248 6.9194e-05
0.249 6.1847e-05
0.25 5.4305e-05
0.251 4.656e-05
0.252 3.8607e-05
0.253 3.0442e-05
0.254 2.2057e-05
0.255 1.3448e-05
0.256 4.609e-06
0.257 -4.4664e-06
0.258 -1.3784e-05
0.259 -2.3349e-05
0.26 -3.3169e-05
0.261 -4.2381e-05
0.262 -5.0182e-05
0.263 -5.6666e-05
0.264 -6.1921e-05
0.265 -6.6035e-05
0.266 -6.9094e-05
0.267 -7.118e-05
0.268 -7.2374e-05
0.269 -7.2755e-05
0.27 -7.2399e-05
0.271 -7.138e-05
0.272 -6.9769e-05
0.273 -6.7636e-05
0.274 -6.5048e-05
0.275 -6.207e-05
0.276 -5.8763e-05
0.277 -5.519e-05
0.278 -5.1407e-05
0.279 -4.747e-05
0.28 -4.3432e-05
0.281 -3.9346e-05
0.282 -3.526e-05
0.283 -3.1219e-05
0.284 -2.727e-05
0.285 -2.3454e-05
0.286 -1.981e-05
0.287 -1.6376e-05
0.288 -1.3188e-05
0.289 -1.0278e-05
0.29 -7.6776e-06
0.291 -5.4146e-06
0.292 -3.5154e-06
0.293 -2.0039e-06
0.294 -9.0162e-07
0.295 -2.2797e-07
0.296 -1.6543e-16
0.297 0
0.298 0
0.299 0
0.3 0
0.301 0
0.302 0
0.303 0
0.304 0
0.305 0
0.306 0
0.307 0
0.308 0
0.309 0
0.31 0
0.311 0
0.312 0
0.313 0
0.314 0
0.315 0
0.316 0
0.317 0
0.318 0
0.319 0
0.32 0
0.321 0
0.322 0
0.323 0
0.324 0
0.325 0
0.326 0
0.327 0
0.328 0
0.329 0
0.33 0
0.331 0
0.332 0
0.333 0
0.334 0
0.335 0
0.336 0
0.337 0
0.338 0
0.339 0
0.34 0
0.341 0
0.342 0
0.343 0
0.344 0
0.345 0
0.346 0
0.347 0
0.348 0
0.349 0
0.35 0
0.351 0
0.352 0
0.353 0
0.354 0
0.355 0
0.356 0
0.357 0
0.358 0
0.359 0
0.36 0
0.361 0
0.362 0
0.363 0
0.364 0
0.365 0
0.366 0
0.367 0
0.368 0
0.369 0
0.37 0
0.371 0
0.372 0
0.373 0
0.374 0
0.375 0
0.376 0
0.377 0
0.378 0
0.379 0
0.38 0
0.381 0
0.382 0
0.383 0
0.384 0
0.385 0
0.386 0
0.387 0
0.388 0
0.389 0
0.39 0
0.391 0
0.392 0
0.393 0
0.394 0
0.395 0
0.396 0
0.397 0
0.398 0
0.399 0
0.4 0
0.401 0
0.402 0
0.403 0
0.404 0
0.405 0
0.406 0
0.407 0
0.408 0
0.409 0
0.41 0
0.411 0
0.412 0
0.413 0
0.414 0
0.415 0
0.416 0
0.417 0
0.418 0
0.419 0
0.42 0
0.421 0
0.422 0
0.423 0
0.424 0
0.425 0
0.426 0
0.427 0
0.428 0
0.429 0
0.43 0
0.431 0
0.432 0
0.433 0
0.434 0
0.435 0
0.436 0
0.437 0
0.438 0
0.439 0
0.44 0
0.441 0
0.442 0
0.443 0
0.444 0
0.445 0
0.446 0
0.447 0
0.448 0
0.449 0
0.45 0
0.451 0
0.452 0
0.453 0
0.454 0
0.455 0
0.456 0
0.457 0
0.458 0
0.459 0
0.46 0
0.461 0
0.462 0
0.463 0
0.464 0
0.465 0
0.466 0
0.467 0
0.468 0
0.469 0
0.47 0
0.471 0
0.472 0
0.473 0
0.474 0
0.475 0
0.476 0
0.477 0
0.478 0
0.479 0
0.48 0
0.481 0
0.482 0
0.483 0
0.484 0
0.485 0
0.486 0
0.487 0
0.488 0
0.489 0
0.49 0
0.491 0
0.492 0
0.493 0
0.494 0
0.495 0
0.496 0
0.497 0
0.498 0
0.499 0
0.5 0
0.501 0
0.502 0
0.503 0
0.504 0
0.505 0
0.506 0
0.507 0
0.508 0
0.509 0
0.51 0
0.511 0
0.512 0
0.513 0
0.514 0
0.515 0
0.516 0
0.517 0
0.518 0
0.519 0
0.52 0
0.521 0
0.522 0
0.523 0
0.524 0
0.525 0
0.526 0
0.527 0
0.528 0
0.529 0
0.53 0
0.531 0
0.532 0
0.533 0
0.534 0
0.535 0
0.536 0
0.537 0
0.538 0
0.539 0
0.54 0
0.541 0
0.542 0
0.543 0
0.544 0
0.545 0
0.546 0
0.547 0
0.548 0
0.549 0
0.55 0
0.551 0
0.552 0
0.553 0
0.554 0
0.555 0
0.556 0
0.557 0
0.558 0
0.559 0
0.56 0
0.561 0
0.562 0
0.563 0
0.564 0
0.565 0
0.566 0
0.567 0
0.568 0
0.569 0
0.57 0
0.571 0
0.572 0
0.573 0
0.574 0
0.575 0
0.576 0
0.577 0
0.578 0
0.579 0
0.58 0
0.581 0
0.582 0
0.583 0
0.584 0
0.585 0
0.586 0
0.587 0
0.588 0
0.589 0
0.59 0
0.591 0
0.592 0
0.593 0
0.594 0
0.595 0
0.596 0
0.597 0
0.598 0
0.599 0
0.6 0
0.601 0
0.602 0
0.603 0
0.604 0
0.605 0
0.606 0
0.607 0
0.608 0
0.609 0
0.61 0
0.611 0
0.612 0
0.613 0
0.614 0
0.615 0
0.616 0
0.617 0
0.618 0
0.619 0
0.62 0
0.621 0
0.622 0
0.623 0
0.624 0
0.625 0
0.626 0
0.627 0
0.628 0
0.629 0
0.63 0
0.631 0
0.632 0
0.633 0
0.634 0
0.635 0
0.636 0
0.637 0
0.638 0
0.639 0
0.64 0
0.641 0
0.642 0
0.643 0
0.644 0
0.645 0
0.646 0
0.647 0
0.648 0
0.649 0
0.65 0
0.651 0
0.652 0
0.653 0
0.654 0
0.655 0
0.656 0
0.657 0
0.658 0
0.659 0
0.66 0
0.661 0
0.662 0
0.663 0
0.664 0
0.665 0
0.666 0
0.667 0
0.668 0
0.669 0
0.67 0
0.671 0
0.672 0
0.673 0
0.674 0
0.675 0
0.676 0
0.677 0
0.678 0
0.679 0
0.68 0
0.681 0
0.682 0
0.683 0
0.684 0
0.685 0
0.686 0
0.687 0
0.688 0
0.689 0
0.69 0
0.691 0
0.692 0
0.693 0
0.694 0
0.695 0
0.696 0
0.697 0
0.698 0
0.699 0
0.7 0
0.701 0
0.702 0
0.703 0
0.704 0
0.705 0
0.706 0
0.707 0
0.708 0
0.709 0
0.71 0
0.711 0
0.712 0
0.713 0
0.714 0
0.715 0
0.716 0
0.717 0
0.718 0
0.719 0
0.72 0
0.721 0
0.722 0
0.723 0
0.724 0
0.725 0
0.726 0
0.727 0
0.728 0
0.729 0
0.73 0
0.731 0
0.732 0
0.733 0
0.734 0
0.735 0
0.736 0
0.737 0
0.738 0
0.739 0
0.74 0
0.741 0
0.742 0
0.743 0
0.744 0
0.745 0
0.746 0
0.747 0
0.748 0
0.749 0
0.75 0
0.751 0
0.752 0
0.753 0
0.754 0
0.755 0
0.756 0
0.757 0
0.758 0
0.759 0
0.76 0
0.761 0
0.762 0
0.763 0
0.764 0
0.765 0
0.766 0
0.767 0
0.768 0
0.769 0
0.77 0
0.771 0
0.772 0
0.773 0
0.774 0
0.775 0
0.776 0
0.777 0
0.778 0
0.779 0
0.78 0
0.781 0
0.782 0
0.783 0
0.784 0
0.785 0
0.786 0
0.787 0
0.788 0
0.789 0
0.79 0
0.791 0
0.792 0
0.793 0
0.794 0
0.795 0
0.796 0
0.797 0
0.798 0
0.799 0
0.8 0
0.801 0
0.802 0
0.803 0
0.804 0
0.805 0
0.806 0
0.807 0
0.808 0
0.809 0
0.81 0
0.811 0
0.812 0
0.813 0
0.814 0
0.815 0
0.816 0
0.817 0
0.818 0
0.819 0
0.82 0
0.821 0
0.822 0
0.823 0
0.824 0
0.825 0
0.826 0
0.827 0
0.828 0
0.829 0
0.83 0
0.831 0
0.832 0
0.833 0
0.834 0
0.835 0
0.836 0
0.837 0
0.838 0
0.839 0
0.84 0
0.841 0
0.842 0
0.843 0
0.844 0
0.845 0
0.846 0
0.847 0
0.848 0
0.849 0
0.85 0
0.851 0
0.852 0
0.853 0
0.854 0
0.855 0
0.856 0
0.857 0
0.858 0
0.859 0
0.86 0
0.861 0
0.862 0
0.863 0
0.864 0
0.865 0
0.866 0
0.867 0
0.868 0
0.869 0
0.87 0
0.871 0
0.872 0
0.873 0
