0 0
0.001 12.761
0.002 25.835
0.003 39.199
0.004 52.832
0.005 66.711
0.006 80.816
0.007 95.125
0.008 109.62
0.009 124.28
0.01 139.08
0.011 154.01
0.012 169.04
0.013 184.16
0.014 199.36
0.015 214.6
0.016 229.87
0.017 245.17
0.018 260.46
0.019 275.74
0.02 290.98
0.021 306.18
0.022 321.31
0.023 336.37
0.024 351.33
0.025 366.18
0.026 380.92
0.027 395.52
0.028 409.97
0.029 424.26
0.03 438.38
0.031 452.31
0.032 466.05
0.033 479.58
0.034 492.89
0.035 505.97
0.036 518.81
0.037 531.4
0.038 543.74
0.039 555.81
0.04 567.6
0.041 579.1
0.042 590.31
0.043 601.23
0.044 611.83
0.045 622.12
0.046 632.09
0.047 641.73
0.048 651.04
0.049 660.01
0.05 668.64
0.051 676.92
0.052 684.85
0.053 692.42
0.054 699.63
0.055 706.47
0.056 712.96
0.057 719.07
0.058 724.81
0.059 730.18
0.06 735.18
0.061 739.8
0.062 744.04
0.063 747.91
0.064 751.41
0.065 754.53
0.066 757.27
0.067 759.64
0.068 761.64
0.069 763.27
0.07 764.54
0.071 765.44
0.072 765.97
0.073 766.15
0.074 766.01
0.075 765.61
0.076 764.95
0.077 764.04
0.078 762.89
0.079 761.5
0.08 759.89
0.081 758.05
0.082 756.01
0.083 753.76
0.084 751.32
0.085 748.68
0.086 745.86
0.087 742.87
0.088 739.71
0.089 736.39
0.09 732.91
0.091 729.29
0.092 725.52
0.093 721.62
0.094 717.59
0.095 713.44
0.096 709.16
0.097 704.78
0.098 700.3
0.099 695.71
0.1 691.03
0.101 686.27
0.102 681.42
0.103 676.5
0.104 671.5
0.105 666.44
0.106 661.31
0.107 656.13
0.108 650.9
0.109 645.62
0.11 640.3
0.111 634.94
0.112 629.55
0.113 624.13
0.114 618.68
0.115 613.21
0.116 607.73
0.117 602.24
0.118 596.73
0.119 591.23
0.12 585.72
0.121 580.21
0.122 574.71
0.123 569.22
0.124 563.74
0.125 558.27
0.126 552.83
0.127 547.4
0.128 542
0.129 536.63
0.13 531.28
0.131 525.97
0.132 520.69
0.133 515.45
0.134 510.24
0.135 505.08
0.136 499.96
0.137 494.88
0.138 489.85
0.139 484.87
0.14 479.94
0.141 475.06
0.142 470.23
0.143 465.46
0.144 460.74
0.145 456.07
0.146 451.47
0.147 446.92
0.148 442.43
0.149 438
0.15 433.62
0.151 429.31
0.152 425.06
0.153 420.87
0.154 416.74
0.155 412.67
0.156 408.66
0.157 404.71
0.158 400.82
0.159 396.99
0.16 393.22
0.161 389.51
0.162 385.86
0.163 382.26
0.164 378.72
0.165 375.24
0.166 371.81
0.167 368.43
0.168 365.1
0.169 361.83
0.17 358.6
0.171 355.42
0.172 352.28
0.173 349.19
0.174 346.14
0.175 343.13
0.176 340.16
0.177 337.22
0.178 334.31
0.179 331.44
0.18 328.59
0.181 325.77
0.182 322.97
0.183 320.18
0.184 317.42
0.185 314.67
0.186 311.93
0.187 309.19
0.188 306.46
0.189 303.73
0.19 300.99
0.191 298.25
0.192 295.5
0.193 292.73
0.194 289.94
0.195 287.13
0.196 284.3
0.197 281.43
0.198 278.52
0.199 275.58
0.2 272.58
0.201 269.54
0.202 266.45
0.203 263.29
0.204 260.07
0.205 256.78
0.206 253.42
0.207 249.97
0.208 246.44
0.209 242.82
0.21 239.1
0.211 235.28
0.212 231.35
0.213 227.3
0.214 223.14
0.215 218.85
0.216 214.42
0.217 209.85
0.218 205.14
0.219 200.28
0.22 195.26
0.221 190.07
0.222 184.71
0.223 179.16
0.224 173.44
0.225 167.51
0.226 161.39
0.227 155.06
0.228 148.51
0.229 141.73
0.23 134.73
0.231 127.49
0.232 119.99
0.233 112.25
0.234 104.24
0.235 95.953
0.236 87.391
0.237 78.54
0.238 69.392
0.239 59.938
0.24 50.17
0.241 40.078
0.242 29.654
0.243 18.889
0.244 7.7738
0.245 -3.7015
0.246 -15.546
0.247 -27.769
0.248 -39.244
0.249 -48.924
0.25 -56.937
0.251 -63.405
0.252 -68.447
0.253 -72.179
0.254 -74.713
0.255 -76.156
0.256 -76.615
0.257 -76.19
0.258 -74.978
0.259 -73.073
0.26 -70.566
0.261 -67.543
0.262 -64.088
0.263 -60.28
0.264 -56.194
0.265 -51.903
0.266 -47.475
0.267 -42.976
0.268 -38.466
0.269 -34.004
0.27 -29.644
0.271 -25.435
0.272 -21.425
0.273 -17.658
0.274 -14.172
0.275 -11.005
0.276 -8.1875
0.277 -5.7493
0.278 -3.7154
0.279 -2.1073
0.28 -0.94314
0.281 -0.23712
0.282 -3.484e-10
0.283 0
0.284 0
0.285 0
0.286 0
0.287 0
0.288 0
0.289 0
0.29 0
0.291 0
0.292 0
0.293 0
0.294 0
0.295 0
0.296 0
0.297 0
0.298 0
0.299 0
0.3 0
0.301 0
0.302 0
0.303 0
0.304 0
0.305 0
0.306 0
0.307 0
0.308 0
0.309 0
0.31 0
0.311 0
0.312 0
0.313 0
0.314 0
0.315 0
0.316 0
0.317 0
0.318 0
0.319 0
0.32 0
0.321 0
0.322 0
0.323 0
0.324 0
0.325 0
0.326 0
0.327 0
0.328 0
0.329 0
0.33 0
0.331 0
0.332 0
0.333 0
0.334 0
0.335 0
0.336 0
0.337 0
0.338 0
0.339 0
0.34 0
0.341 0
0.342 0
0.343 0
0.344 0
0.345 0
0.346 0
0.347 0
0.348 0
0.349 0
0.35 0
0.351 0
0.352 0
0.353 0
0.354 0
0.355 0
0.356 0
0.357 0
0.358 0
0.359 0
0.36 0
0.361 0
0.362 0
0.363 0
0.364 0
0.365 0
0.366 0
0.367 0
0.368 0
0.369 0
0.37 0
0.371 0
0.372 0
0.373 0
0.374 0
0.375 0
0.376 0
0.377 0
0.378 0
0.379 0
0.38 0
0.381 0
0.382 0
0.383 0
0.384 0
0.385 0
0.386 0
0.387 0
0.388 0
0.389 0
0.39 0
0.391 0
0.392 0
0.393 0
0.394 0
0.395 0
0.396 0
0.397 0
0.398 0
0.399 0
0.4 0
0.401 0
0.402 0
0.403 0
0.404 0
0.405 0
0.406 0
0.407 0
0.408 0
0.409 0
0.41 0
0.411 0
0.412 0
0.413 0
0.414 0
0.415 0
0.416 0
0.417 0
0.418 0
0.419 0
0.42 0
0.421 0
0.422 0
0.423 0
0.424 0
0.425 0
0.426 0
0.427 0
0.428 0
0.429 0
0.43 0
0.431 0
0.432 0
0.433 0
0.434 0
0.435 0
0.436 0
0.437 0
0.438 0
0.439 0
0.44 0
0.441 0
0.442 0
0.443 0
0.444 0
0.445 0
0.446 0
0.447 0
0.448 0
0.449 0
0.45 0
0.451 0
0.452 0
0.453 0
0.454 0
0.455 0
0.456 0
0.457 0
0.458 0
0.459 0
0.46 0
0.461 0
0.462 0
0.463 0
0.464 0
0.465 0
0.466 0
0.467 0
0.468 0
0.469 0
0.47 0
0.471 0
0.472 0
0.473 0
0.474 0
0.475 0
0.476 0
0.477 0
0.478 0
0.479 0
0.48 0
0.481 0
0.482 0
0.483 0
0.484 0
0.485 0
0.486 0
0.487 0
0.488 0
0.489 0
0.49 0
0.491 0
0.492 0
0.493 0
0.494 0
0.495 0
0.496 0
0.497 0
0.498 0
0.499 0
0.5 0
0.501 0
0.502 0
0.503 0
0.504 0
0.505 0
0.506 0
0.507 0
0.508 0
0.509 0
0.51 0
0.511 0
0.512 0
0.513 0
0.514 0
0.515 0
0.516 0
0.517 0
0.518 0
0.519 0
0.52 0
0.521 0
0.522 0
0.523 0
0.524 0
0.525 0
0.526 0
0.527 0
0.528 0
0.529 0
0.53 0
0.531 0
0.532 0
0.533 0
0.534 0
0.535 0
0.536 0
0.537 0
0.538 0
0.539 0
0.54 0
0.541 0
0.542 0
0.543 0
0.544 0
0.545 0
0.546 0
0.547 0
0.548 0
0.549 0
0.55 0
0.551 0
0.552 0
0.553 0
0.554 0
0.555 0
0.556 0
0.557 0
0.558 0
0.559 0
0.56 0
0.561 0
0.562 0
0.563 0
0.564 0
0.565 0
0.566 0
0.567 0
0.568 0
0.569 0
0.57 0
0.571 0
0.572 0
0.573 0
0.574 0
0.575 0
0.576 0
0.577 0
0.578 0
0.579 0
0.58 0
0.581 0
0.582 0
0.583 0
0.584 0
0.585 0
0.586 0
0.587 0
0.588 0
0.589 0
0.59 0
0.591 0
0.592 0
0.593 0
0.594 0
0.595 0
0.596 0
0.597 0
0.598 0
0.599 0
0.6 0
0.601 0
0.602 0
0.603 0
0.604 0
0.605 0
0.606 0
0.607 0
0.608 0
0.609 0
0.61 0
0.611 0
0.612 0
0.613 0
0.614 0
0.615 0
0.616 0
0.617 0
0.618 0
0.619 0
0.62 0
0.621 0
0.622 0
0.623 0
0.624 0
0.625 0
0.626 0
0.627 0
0.628 0
0.629 0
0.63 0
0.631 0
0.632 0
0.633 0
0.634 0
0.635 0
0.636 0
0.637 0
0.638 0
0.639 0
0.64 0
0.641 0
0.642 0
0.643 0
0.644 0
0.645 0
0.646 0
0.647 0
0.648 0
0.649 0
0.65 0
0.651 0
0.652 0
0.653 0
0.654 0
0.655 0
0.656 0
0.657 0
0.658 0
0.659 0
0.66 0
0.661 0
0.662 0
0.663 0
0.664 0
0.665 0
0.666 0
0.667 0
0.668 0
0.669 0
0.67 0
0.671 0
0.672 0
0.673 0
0.674 0
0.675 0
0.676 0
0.677 0
0.678 0
0.679 0
0.68 0
0.681 0
0.682 0
0.683 0
0.684 0
0.685 0
0.686 0
0.687 0
0.688 0
0.689 0
0.69 0
0.691 0
0.692 0
0.693 0
0.694 0
0.695 0
0.696 0
0.697 0
0.698 0
0.699 0
0.7 0
0.701 0
0.702 0
0.703 0
0.704 0
0.705 0
0.706 0
0.707 0
0.708 0
0.709 0
