0 0
0.001 1.1475e-05
0.002 2.3213e-05
0.003 3.5193e-05
0.004 4.7394e-05
0.005 5.9796e-05
0.006 7.2379e-05
0.007 8.5124e-05
0.008 9.8012e-05
0.009 0.00011102
0.01 0.00012414
0.011 0.00013734
0.012 0.00015061
0.013 0.00016394
0.014 0.00017729
0.015 0.00019067
0.016 0.00020404
0.017 0.0002174
0.018 0.00023072
0.019 0.000244
0.02 0.00025721
0.021 0.00027035
0.022 0.00028339
0.023 0.00029632
0.024 0.00030913
0.025 0.0003218
0.026 0.00033432
0.027 0.00034668
0.028 0.00035886
0.029 0.00037086
0.03 0.00038265
0.031 0.00039422
0.032 0.00040558
0.033 0.00041669
0.034 0.00042756
0.035 0.00043817
0.036 0.0004485
0.037 0.00045856
0.038 0.00046833
0.039 0.0004778
0.04 0.00048696
0.041 0.00049581
0.042 0.00050433
0.043 0.00051251
0.044 0.00052035
0.045 0.00052784
0.046 0.00053498
0.047 0.00054175
0.048 0.00054814
0.049 0.00055416
0.05 0.0005598
0.051 0.00056504
0.052 0.00056989
0.053 0.00057434
0.054 0.00057838
0.055 0.00058201
0.056 0.00058523
0.057 0.00058803
0.058 0.00059041
0.059 0.00059236
0.06 0.00059388
0.061 0.00059497
0.062 0.00059562
0.063 0.00059584
0.064 0.00059572
0.065 0.00059538
0.066 0.00059481
0.067 0.00059402
0.068 0.00059303
0.069 0.00059184
0.07 0.00059046
0.071 0.00058889
0.072 0.00058713
0.073 0.00058521
0.074 0.00058312
0.075 0.00058087
0.076 0.00057846
0.077 0.00057591
0.078 0.00057321
0.079 0.00057038
0.08 0.00056742
0.081 0.00056434
0.082 0.00056114
0.083 0.00055783
0.084 0.00055441
0.085 0.00055088
0.086 0.00054727
0.087 0.00054356
0.088 0.00053976
0.089 0.00053589
0.09 0.00053194
0.091 0.00052791
0.092 0.00052382
0.093 0.00051967
0.094 0.00051547
0.095 0.0005112
0.096 0.00050689
0.097 0.00050254
0.098 0.00049814
0.099 0.00049371
0.1 0.00048925
0.101 0.00048475
0.102 0.00048023
0.103 0.00047569
0.104 0.00047113
0.105 0.00046656
0.106 0.00046197
0.107 0.00045737
0.108 0.00045277
0.109 0.00044817
0.11 0.00044357
0.111 0.00043896
0.112 0.00043437
0.113 0.00042978
0.114 0.0004252
0.115 0.00042064
0.116 0.00041609
0.117 0.00041155
0.118 0.00040704
0.119 0.00040254
0.12 0.00039807
0.121 0.00039362
0.122 0.0003892
0.123 0.0003848
0.124 0.00038043
0.125 0.0003761
0.126 0.00037179
0.127 0.00036751
0.128 0.00036327
0.129 0.00035906
0.13 0.00035489
0.131 0.00035075
0.132 0.00034665
0.133 0.00034258
0.134 0.00033854
0.135 0.00033455
0.136 0.00033059
0.137 0.00032667
0.138 0.00032278
0.139 0.00031893
0.14 0.00031512
0.141 0.00031134
0.142 0.00030759
0.143 0.00030389
0.144 0.00030021
0.145 0.00029657
0.146 0.00029295
0.147 0.00028937
0.148 0.00028582
0.149 0.0002823
0.15 0.00027881
0.151 0.00027534
0.152 0.00027189
0.153 0.00026847
0.154 0.00026506
0.155 0.00026168
0.156 0.00025831
0.157 0.00025496
0.158 0.00025162
0.159 0.00024829
0.16 0.00024497
0.161 0.00024165
0.162 0.00023834
0.163 0.00023502
0.164 0.0002317
0.165 0.00022838
0.166 0.00022505
0.167 0.00022171
0.168 0.00021835
0.169 0.00021497
0.17 0.00021157
0.171 0.00020815
0.172 0.00020469
0.173 0.00020121
0.174 0.00019769
0.175 0.00019412
0.176 0.00019051
0.177 0.00018686
0.178 0.00018315
0.179 0.00017938
0.18 0.00017555
0.181 0.00017166
0.182 0.00016769
0.183 0.00016365
0.184 0.00015952
0.185 0.00015531
0.186 0.00015101
0.187 0.00014662
0.188 0.00014212
0.189 0.00013752
0.19 0.0001328
0.191 0.00012796
0.192 0.000123
0.193 0.00011792
0.194 0.00011269
0.195 0.00010733
0.196 0.00010181
0.197 9.6148e-05
0.198 9.0321e-05
0.199 8.4328e-05
0.2 7.8161e-05
0.201 7.1814e-05
0.202 6.5281e-05
0.203 5.8554e-05
0.204 5.1627e-05
0.205 4.4492e-05
0.206 3.7143e-05
0.207 2.9571e-05
0.208 2.1771e-05
0.209 1.3733e-05
0.21 5.4506e-06
0.211 -3.0838e-06
0.212 -1.1878e-05
0.213 -2.094e-05
0.214 -3.0279e-05
0.215 -3.8858e-05
0.216 -4.5739e-05
0.217 -5.1067e-05
0.218 -5.4983e-05
0.219 -5.7622e-05
0.22 -5.9114e-05
0.221 -5.9584e-05
0.222 -5.9153e-05
0.223 -5.7935e-05
0.224 -5.6041e-05
0.225 -5.3575e-05
0.226 -5.0636e-05
0.227 -4.732e-05
0.228 -4.3716e-05
0.229 -3.9907e-05
0.23 -3.5974e-05
0.231 -3.199e-05
0.232 -2.8024e-05
0.233 -2.4141e-05
0.234 -2.0398e-05
0.235 -1.685e-05
0.236 -1.3546e-05
0.237 -1.0527e-05
0.238 -7.8341e-06
0.239 -5.4989e-06
0.24 -3.55e-06
0.241 -2.0103e-06
0.242 -8.9772e-07
0.243 -2.2507e-07
0.244 6.7739e-16
0.245 0
0.246 0
0.247 0
0.248 0
0.249 0
0.25 0
0.251 0
0.252 0
0.253 0
0.254 0
0.255 0
0.256 0
0.257 0
0.258 0
0.259 0
0.26 0
0.261 0
0.262 0
0.263 0
0.264 0
0.265 0
0.266 0
0.267 0
0.268 0
0.269 0
0.27 0
0.271 0
0.272 0
0.273 0
0.274 0
0.275 0
0.276 0
0.277 0
0.278 0
0.279 0
0.28 0
0.281 0
0.282 0
0.283 0
0.284 0
0.285 0
0.286 0
0.287 0
0.288 0
0.289 0
0.29 0
0.291 0
0.292 0
0.293 0
0.294 0
0.295 0
0.296 0
0.297 0
0.298 0
0.299 0
0.3 0
0.301 0
0.302 0
0.303 0
0.304 0
0.305 0
0.306 0
0.307 0
0.308 0
0.309 0
0.31 0
0.311 0
0.312 0
0.313 0
0.314 0
0.315 0
0.316 0
0.317 0
0.318 0
0.319 0
0.32 0
0.321 0
0.322 0
0.323 0
0.324 0
0.325 0
0.326 0
0.327 0
0.328 0
0.329 0
0.33 0
0.331 0
0.332 0
0.333 0
0.334 0
0.335 0
0.336 0
0.337 0
0.338 0
0.339 0
0.34 0
0.341 0
0.342 0
0.343 0
0.344 0
0.345 0
0.346 0
0.347 0
0.348 0
0.349 0
0.35 0
0.351 0
0.352 0
0.353 0
0.354 0
0.355 0
0.356 0
0.357 0
0.358 0
0.359 0
0.36 0
0.361 0
0.362 0
0.363 0
0.364 0
0.365 0
0.366 0
0.367 0
0.368 0
0.369 0
0.37 0
0.371 0
0.372 0
0.373 0
0.374 0
0.375 0
0.376 0
0.377 0
0.378 0
0.379 0
0.38 0
0.381 0
0.382 0
0.383 0
0.384 0
0.385 0
0.386 0
0.387 0
0.388 0
0.389 0
0.39 0
0.391 0
0.392 0
0.393 0
0.394 0
0.395 0
0.396 0
0.397 0
0.398 0
0.399 0
0.4 0
0.401 0
0.402 0
0.403 0
0.404 0
0.405 0
0.406 0
0.407 0
0.408 0
0.409 0
0.41 0
0.411 0
0.412 0
0.413 0
0.414 0
0.415 0
0.416 0
0.417 0
0.418 0
0.419 0
0.42 0
0.421 0
0.422 0
0.423 0
0.424 0
0.425 0
0.426 0
0.427 0
0.428 0
0.429 0
0.43 0
0.431 0
0.432 0
0.433 0
0.434 0
0.435 0
0.436 0
0.437 0
0.438 0
0.439 0
0.44 0
0.441 0
0.442 0
0.443 0
0.444 0
0.445 0
0.446 0
0.447 0
0.448 0
0.449 0
0.45 0
0.451 0
0.452 0
0.453 0
0.454 0
0.455 0
0.456 0
0.457 0
0.458 0
0.459 0
0.46 0
0.461 0
0.462 0
0.463 0
0.464 0
0.465 0
0.466 0
0.467 0
0.468 0
0.469 0
0.47 0
0.471 0
0.472 0
0.473 0
0.474 0
0.475 0
0.476 0
0.477 0
0.478 0
0.479 0
0.48 0
0.481 0
0.482 0
0.483 0
0.484 0
0.485 0
0.486 0
0.487 0
0.488 0
0.489 0
0.49 0
0.491 0
0.492 0
0.493 0
0.494 0
0.495 0
0.496 0
0.497 0
0.498 0
0.499 0
0.5 0
0.501 0
0.502 0
0.503 0
0.504 0
0.505 0
0.506 0
0.507 0
0.508 0
0.509 0
0.51 0
0.511 0
0.512 0
0.513 0
0.514 0
0.515 0
0.516 0
0.517 0
0.518 0
0.519 0
0.52 0
0.521 0
0.522 0
0.523 0
0.524 0
0.525 0
0.526 0
0.527 0
0.528 0
0.529 0
0.53 0
0.531 0
0.532 0
0.533 0
0.534 0
0.535 0
0.536 0
0.537 0
0.538 0
0.539 0
0.54 0
0.541 0
0.542 0
0.543 0
0.544 0
0.545 0
0.546 0
0.547 0
0.548 0
0.549 0
0.55 0
0.551 0
0.552 0
0.553 0
0.554 0
0.555 0
0.556 0
0.557 0
0.558 0
0.559 0
0.56 0
0.561 0
0.562 0
0.563 0
0.564 0
0.565 0
0.566 0
0.567 0
0.568 0
0.569 0
0.57 0
0.571 0
0.572 0
0.573 0
0.574 0
0.575 0
0.576 0
0.577 0
0.578 0
0.579 0
0.58 0
0.581 0
0.582 0
0.583 0
0.584 0
0.585 0
0.586 0
0.587 0
0.588 0
0.589 0
0.59 0
0.591 0
0.592 0
0.593 0
0.594 0
0.595 0
0.596 0
0.597 0
0.598 0
0.599 0
0.6 0
0.601 0
0.602 0
0.603 0
0.604 0
0.605 0
0.606 0
0.607 0
0.608 0
0.609 0
0.61 0
0.611 0
0.612 0
0.613 0
0.614 0
0.615 0
0.616 0
0.617 0
0.618 0
0.619 0
0.62 0
0.621 0
0.622 0
0.623 0
0.624 0
0.625 0
0.626 0
0.627 0
0.628 0
0.629 0
0.63 0
0.631 0
0.632 0
0.633 0
0.634 0
0.635 0
0.636 0
0.637 0
0.638 0
0.639 0
0.64 0
0.641 0
0.642 0
0.643 0
0.644 0
0.645 0
0.646 0
0.647 0
0.648 0
0.649 0
0.65 0
0.651 0
0.652 0
0.653 0
0.654 0
0.655 0
0.656 0
0.657 0
0.658 0
0.659 0
0.66 0
0.661 0
0.662 0
0.663 0
0.664 0
0.665 0
0.666 0
0.667 0
0.668 0
0.669 0
0.67 0
0.671 0
0.672 0
0.673 0
0.674 0
0.675 0
0.676 0
0.677 0
0.678 0
0.679 0
0.68 0
0.681 0
0.682 0
0.683 0
0.684 0
0.685 0
0.686 0
0.687 0
0.688 0
0.689 0
0.69 0
0.691 0
0.692 0
0.693 0
0.694 0
0.695 0
0.696 0
0.697 0
0.698 0
0.699 0
0.7 0
0.701 0
0.702 0
0.703 0
0.704 0
0.705 0
0.706 0
0.707 0
0.708 0
0.709 0
