0 0
0.001 10.124
0.002 20.443
0.003 30.943
0.004 41.61
0.005 52.432
0.006 63.396
0.007 74.49
0.008 85.7
0.009 97.015
0.01 108.42
0.011 119.91
0.012 131.46
0.013 143.07
0.014 154.73
0.015 166.42
0.016 178.13
0.017 189.85
0.018 201.58
0.019 213.29
0.02 224.98
0.021 236.64
0.022 248.25
0.023 259.82
0.024 271.32
0.025 282.75
0.026 294.09
0.027 305.35
0.028 316.5
0.029 327.55
0.03 338.47
0.031 349.27
0.032 359.93
0.033 370.44
0.034 380.81
0.035 391
0.036 401.03
0.037 410.88
0.038 420.55
0.039 430.02
0.04 439.29
0.041 448.35
0.042 457.19
0.043 465.81
0.044 474.21
0.045 482.36
0.046 490.28
0.047 497.94
0.048 505.35
0.049 512.5
0.05 519.38
0.051 525.98
0.052 532.31
0.053 538.36
0.054 544.11
0.055 549.57
0.056 554.73
0.057 559.59
0.058 564.13
0.059 568.37
0.06 572.28
0.061 575.87
0.062 579.14
0.063 582.08
0.064 584.68
0.065 586.95
0.066 588.88
0.067 590.46
0.068 591.69
0.069 592.58
0.07 593.11
0.071 593.29
0.072 593.2
0.073 592.91
0.074 592.43
0.075 591.78
0.076 590.95
0.077 589.96
0.078 588.8
0.079 587.48
0.08 586.01
0.081 584.39
0.082 582.62
0.083 580.72
0.084 578.69
0.085 576.53
0.086 574.25
0.087 571.84
0.088 569.33
0.089 566.7
0.09 563.97
0.091 561.14
0.092 558.21
0.093 555.19
0.094 552.08
0.095 548.89
0.096 545.62
0.097 542.28
0.098 538.86
0.099 535.38
0.1 531.83
0.101 528.22
0.102 524.56
0.103 520.84
0.104 517.07
0.105 513.26
0.106 509.4
0.107 505.51
0.108 501.57
0.109 497.61
0.11 493.61
0.111 489.59
0.112 485.55
0.113 481.48
0.114 477.4
0.115 473.3
0.116 469.18
0.117 465.06
0.118 460.93
0.119 456.79
0.12 452.65
0.121 448.51
0.122 444.37
0.123 440.23
0.124 436.1
0.125 431.98
0.126 427.86
0.127 423.76
0.128 419.67
0.129 415.6
0.13 411.54
0.131 407.5
0.132 403.48
0.133 399.48
0.134 395.5
0.135 391.55
0.136 387.62
0.137 383.72
0.138 379.85
0.139 376
0.14 372.18
0.141 368.4
0.142 364.64
0.143 360.92
0.144 357.22
0.145 353.56
0.146 349.94
0.147 346.34
0.148 342.79
0.149 339.26
0.15 335.77
0.151 332.32
0.152 328.9
0.153 325.51
0.154 322.16
0.155 318.84
0.156 315.56
0.157 312.32
0.158 309.1
0.159 305.92
0.16 302.78
0.161 299.66
0.162 296.58
0.163 293.53
0.164 290.51
0.165 287.51
0.166 284.55
0.167 281.61
0.168 278.71
0.169 275.82
0.17 272.96
0.171 270.13
0.172 267.31
0.173 264.52
0.174 261.74
0.175 258.98
0.176 256.24
0.177 253.51
0.178 250.79
0.179 248.08
0.18 245.38
0.181 242.69
0.182 240
0.183 237.32
0.184 234.63
0.185 231.94
0.186 229.25
0.187 226.55
0.188 223.84
0.189 221.12
0.19 218.38
0.191 215.63
0.192 212.86
0.193 210.06
0.194 207.24
0.195 204.39
0.196 201.5
0.197 198.58
0.198 195.63
0.199 192.63
0.2 189.59
0.201 186.5
0.202 183.36
0.203 180.16
0.204 176.9
0.205 173.58
0.206 170.2
0.207 166.74
0.208 163.22
0.209 159.61
0.21 155.92
0.211 152.15
0.212 148.28
0.213 144.32
0.214 140.26
0.215 136.1
0.216 131.83
0.217 127.45
0.218 122.95
0.219 118.33
0.22 113.59
0.221 108.71
0.222 103.7
0.223 98.545
0.224 93.245
0.225 87.794
0.226 82.186
0.227 76.418
0.228 70.482
0.229 64.374
0.23 58.088
0.231 51.619
0.232 44.962
0.233 38.109
0.234 31.057
0.235 23.798
0.236 16.328
0.237 8.639
0.238 0.72644
0.239 -7.4162
0.24 -15.795
0.241 -24.416
0.242 -32.519
0.243 -39.389
0.244 -45.106
0.245 -49.744
0.246 -53.38
0.247 -56.086
0.248 -57.933
0.249 -58.991
0.25 -59.329
0.251 -59.013
0.252 -58.108
0.253 -56.678
0.254 -54.783
0.255 -52.485
0.256 -49.842
0.257 -46.91
0.258 -43.745
0.259 -40.401
0.26 -36.929
0.261 -33.381
0.262 -29.804
0.263 -26.246
0.264 -22.753
0.265 -19.368
0.266 -16.134
0.267 -13.091
0.268 -10.28
0.269 -7.736
0.27 -5.4964
0.271 -3.595
0.272 -2.0645
0.273 -0.93578
0.274 -0.23837
0.275 -1.349e-10
0.276 0
0.277 0
0.278 0
0.279 0
0.28 0
0.281 0
0.282 0
0.283 0
0.284 0
0.285 0
0.286 0
0.287 0
0.288 0
0.289 0
0.29 0
0.291 0
0.292 0
0.293 0
0.294 0
0.295 0
0.296 0
0.297 0
0.298 0
0.299 0
0.3 0
0.301 0
0.302 0
0.303 0
0.304 0
0.305 0
0.306 0
0.307 0
0.308 0
0.309 0
0.31 0
0.311 0
0.312 0
0.313 0
0.314 0
0.315 0
0.316 0
0.317 0
0.318 0
0.319 0
0.32 0
0.321 0
0.322 0
0.323 0
0.324 0
0.325 0
0.326 0
0.327 0
0.328 0
0.329 0
0.33 0
0.331 0
0.332 0
0.333 0
0.334 0
0.335 0
0.336 0
0.337 0
0.338 0
0.339 0
0.34 0
0.341 0
0.342 0
0.343 0
0.344 0
0.345 0
0.346 0
0.347 0
0.348 0
0.349 0
0.35 0
0.351 0
0.352 0
0.353 0
0.354 0
0.355 0
0.356 0
0.357 0
0.358 0
0.359 0
0.36 0
0.361 0
0.362 0
0.363 0
0.364 0
0.365 0
0.366 0
0.367 0
0.368 0
0.369 0
0.37 0
0.371 0
0.372 0
0.373 0
0.374 0
0.375 0
0.376 0
0.377 0
0.378 0
0.379 0
0.38 0
0.381 0
0.382 0
0.383 0
0.384 0
0.385 0
0.386 0
0.387 0
0.388 0
0.389 0
0.39 0
0.391 0
0.392 0
0.393 0
0.394 0
0.395 0
0.396 0
0.397 0
0.398 0
0.399 0
0.4 0
0.401 0
0.402 0
0.403 0
0.404 0
0.405 0
0.406 0
0.407 0
0.408 0
0.409 0
0.41 0
0.411 0
0.412 0
0.413 0
0.414 0
0.415 0
0.416 0
0.417 0
0.418 0
0.419 0
0.42 0
0.421 0
0.422 0
0.423 0
0.424 0
0.425 0
0.426 0
0.427 0
0.428 0
0.429 0
0.43 0
0.431 0
0.432 0
0.433 0
0.434 0
0.435 0
0.436 0
0.437 0
0.438 0
0.439 0
0.44 0
0.441 0
0.442 0
0.443 0
0.444 0
0.445 0
0.446 0
0.447 0
0.448 0
0.449 0
0.45 0
0.451 0
0.452 0
0.453 0
0.454 0
0.455 0
0.456 0
0.457 0
0.458 0
0.459 0
0.46 0
0.461 0
0.462 0
0.463 0
0.464 0
0.465 0
0.466 0
0.467 0
0.468 0
0.469 0
0.47 0
0.471 0
0.472 0
0.473 0
0.474 0
0.475 0
0.476 0
0.477 0
0.478 0
0.479 0
0.48 0
0.481 0
0.482 0
0.483 0
0.484 0
0.485 0
0.486 0
0.487 0
0.488 0
0.489 0
0.49 0
0.491 0
0.492 0
0.493 0
0.494 0
0.495 0
0.496 0
0.497 0
0.498 0
0.499 0
0.5 0
0.501 0
0.502 0
0.503 0
0.504 0
0.505 0
0.506 0
0.507 0
0.508 0
0.509 0
0.51 0
0.511 0
0.512 0
0.513 0
0.514 0
0.515 0
0.516 0
0.517 0
0.518 0
0.519 0
0.52 0
0.521 0
0.522 0
0.523 0
0.524 0
0.525 0
0.526 0
0.527 0
0.528 0
0.529 0
0.53 0
0.531 0
0.532 0
0.533 0
0.534 0
0.535 0
0.536 0
0.537 0
0.538 0
0.539 0
0.54 0
0.541 0
0.542 0
0.543 0
0.544 0
0.545 0
0.546 0
0.547 0
0.548 0
0.549 0
0.55 0
0.551 0
0.552 0
0.553 0
0.554 0
0.555 0
0.556 0
0.557 0
0.558 0
0.559 0
0.56 0
0.561 0
0.562 0
0.563 0
0.564 0
0.565 0
0.566 0
0.567 0
0.568 0
0.569 0
0.57 0
0.571 0
0.572 0
0.573 0
0.574 0
0.575 0
0.576 0
0.577 0
0.578 0
0.579 0
0.58 0
0.581 0
0.582 0
0.583 0
0.584 0
0.585 0
0.586 0
0.587 0
0.588 0
0.589 0
0.59 0
0.591 0
0.592 0
0.593 0
0.594 0
0.595 0
0.596 0
0.597 0
0.598 0
0.599 0
0.6 0
0.601 0
0.602 0
0.603 0
0.604 0
0.605 0
0.606 0
0.607 0
0.608 0
0.609 0
0.61 0
0.611 0
0.612 0
0.613 0
0.614 0
0.615 0
0.616 0
0.617 0
0.618 0
0.619 0
0.62 0
0.621 0
0.622 0
0.623 0
0.624 0
0.625 0
0.626 0
0.627 0
0.628 0
0.629 0
0.63 0
0.631 0
0.632 0
0.633 0
0.634 0
0.635 0
0.636 0
0.637 0
0.638 0
0.639 0
0.64 0
0.641 0
0.642 0
0.643 0
0.644 0
0.645 0
0.646 0
0.647 0
0.648 0
0.649 0
0.65 0
0.651 0
0.652 0
0.653 0
0.654 0
0.655 0
0.656 0
0.657 0
0.658 0
0.659 0
0.66 0
0.661 0
0.662 0
0.663 0
0.664 0
0.665 0
0.666 0
0.667 0
0.668 0
0.669 0
0.67 0
0.671 0
0.672 0
0.673 0
0.674 0
0.675 0
0.676 0
0.677 0
0.678 0
0.679 0
0.68 0
0.681 0
0.682 0
0.683 0
0.684 0
0.685 0
0.686 0
0.687 0
0.688 0
0.689 0
0.69 0
0.691 0
0.692 0
0.693 0
0.694 0
0.695 0
0.696 0
0.697 0
0.698 0
0.699 0
0.7 0
0.701 0
0.702 0
0.703 0
0.704 0
0.705 0
0.706 0
0.707 0
0.708 0
0.709 0
0.71 0
0.711 0
0.712 0
0.713 0
0.714 0
0.715 0
0.716 0
0.717 0
0.718 0
0.719 0
0.72 0
0.721 0
0.722 0
0.723 0
0.724 0
0.725 0
0.726 0
0.727 0
0.728 0
0.729 0
0.73 0
0.731 0
0.732 0
0.733 0
0.734 0
0.735 0
0.736 0
0.737 0
0.738 0
0.739 0
0.74 0
0.741 0
0.742 0
0.743 0
0.744 0
0.745 0
0.746 0
0.747 0
0.748 0
0.749 0
0.75 0
0.751 0
0.752 0
0.753 0
0.754 0
0.755 0
0.756 0
0.757 0
0.758 0
0.759 0
0.76 0
0.761 0
0.762 0
0.763 0
0.764 0
0.765 0
0.766 0
0.767 0
0.768 0
0.769 0
0.77 0
0.771 0
0.772 0
0.773 0
0.774 0
0.775 0
0.776 0
0.777 0
0.778 0
0.779 0
0.78 0
0.781 0
0.782 0
0.783 0
0.784 0
0.785 0
0.786 0
0.787 0
0.788 0
0.789 0
0.79 0
0.791 0
0.792 0
0.793 0
0.794 0
0.795 0
0.796 0
0.797 0
0.798 0
0.799 0
0.8 0
0.801 0
0.802 0
0.803 0
0.804 0
0.805 0
0.806 0
0.807 0
0.808 0
0.809 0
0.81 0
0.811 0
0.812 0
0.813 0
0.814 0
0.815 0
0.816 0
0.817 0
0.818 0
0.819 0
0.82 0
0.821 0
0.822 0
0.823 0
0.824 0
0.825 0
0.826 0
0.827 0
0.828 0
0.829 0
0.83 0
0.831 0
0.832 0
0.833 0
0.834 0
0.835 0
0.836 0
0.837 0
0.838 0
0.839 0
0.84 0
0.841 0
0.842 0
0.843 0
0.844 0
0.845 0
0.846 0
0.847 0
0.848 0
0.849 0
0.85 0
0.851 0
0.852 0
0.853 0
0.854 0
0.855 0
0.856 0
0.857 0
0.858 0
0.859 0
0.86 0
0.861 0
0.862 0
0.863 0
0.864 0
0.865 0
0.866 0
0.867 0
0.868 0
0.869 0
0.87 0
0.871 0
0.872 0
0.873 0
0.874 0
0.875 0
0.876 0
0.877 0
0.878 0
0.879 0
0.88 0
0.881 0
0.882 0
0.883 0
0.884 0
0.885 0
0.886 0
0.887 0
0.888 0
0.889 0
0.89 0
0.891 0
0.892 0
0.893 0
0.894 0
0.895 0
0.896 0
0.897 0
0.898 0
0.899 0
0.9 0
0.901 0
0.902 0
0.903 0
0.904 0
0.905 0
0.906 0
0.907 0
0.908 0
0.909 0
0.91 0
0.911 0
0.912 0
0.913 0
0.914 0
0.915 0
0.916 0
0.917 0
0.918 0
0.919 0
0.92 0
0.921 0
0.922 0
0.923 0
0.924 0
0.925 0
0.926 0
0.927 0
0.928 0
0.929 0
0.93 0
0.931 0
0.932 0
0.933 0
0.934 0
0.935 0
0.936 0
0.937 0
0.938 0
0.939 0
0.94 0
0.941 0
0.942 0
0.943 0
0.944 0
0.945 0
0.946 0
0.947 0
0.948 0
0.949 0
0.95 0
0.951 0
0.952 0
0.953 0
0.954 0
0.955 0
0.956 0
0.957 0
0.958 0
0.959 0
0.96 0
0.961 0
0.962 0
0.963 0
0.964 0
0.965 0
0.966 0
0.967 0
0.968 0
0.969 0
0.97 0
0.971 0
0.972 0
0.973 0
0.974 0
0.975 0
0.976 0
0.977 0
0.978 0
0.979 0
0.98 0
0.981 0
0.982 0
0.983 0
0.984 0
0.985 0
0.986 0
0.987 0
