0 0
0.001 12.131
0.002 24.614
0.003 37.42
0.004 50.52
0.005 63.888
0.006 77.495
0.007 91.317
0.008 105.33
0.009 119.5
0.01 133.8
0.011 148.22
0.012 162.73
0.013 177.31
0.014 191.93
0.015 206.57
0.016 221.21
0.017 235.83
0.018 250.41
0.019 264.93
0.02 279.37
0.021 293.71
0.022 307.93
0.023 322.02
0.024 335.96
0.025 349.73
0.026 363.31
0.027 376.7
0.028 389.88
0.029 402.82
0.03 415.53
0.031 427.99
0.032 440.17
0.033 452.08
0.034 463.71
0.035 475.03
0.036 486.04
0.037 496.73
0.038 507.09
0.039 517.12
0.04 526.8
0.041 536.13
0.042 545.11
0.043 553.71
0.044 561.95
0.045 569.81
0.046 577.29
0.047 584.39
0.048 591.1
0.049 597.43
0.05 603.36
0.051 608.89
0.052 614.03
0.053 618.78
0.054 623.13
0.055 627.09
0.056 630.66
0.057 633.83
0.058 636.61
0.059 639.01
0.06 641.03
0.061 642.67
0.062 643.93
0.063 644.83
0.064 645.36
0.065 645.53
0.066 645.38
0.067 644.92
0.068 644.17
0.069 643.15
0.07 641.85
0.071 640.29
0.072 638.48
0.073 636.43
0.074 634.14
0.075 631.64
0.076 628.93
0.077 626.01
0.078 622.91
0.079 619.61
0.08 616.15
0.081 612.51
0.082 608.72
0.083 604.78
0.084 600.7
0.085 596.48
0.086 592.14
0.087 587.69
0.088 583.12
0.089 578.45
0.09 573.69
0.091 568.84
0.092 563.9
0.093 558.9
0.094 553.83
0.095 548.69
0.096 543.51
0.097 538.27
0.098 532.99
0.099 527.68
0.1 522.34
0.101 516.98
0.102 511.59
0.103 506.19
0.104 500.79
0.105 495.38
0.106 489.97
0.107 484.57
0.108 479.19
0.109 473.81
0.11 468.46
0.111 463.13
0.112 457.83
0.113 452.56
0.114 447.33
0.115 442.14
0.116 436.99
0.117 431.88
0.118 426.83
0.119 421.83
0.12 416.88
0.121 411.99
0.122 407.15
0.123 402.39
0.124 397.68
0.125 393.04
0.126 388.47
0.127 383.97
0.128 379.54
0.129 375.19
0.13 370.9
0.131 366.7
0.132 362.57
0.133 358.52
0.134 354.54
0.135 350.64
0.136 346.82
0.137 343.08
0.138 339.42
0.139 335.84
0.14 332.34
0.141 328.91
0.142 325.56
0.143 322.29
0.144 319.1
0.145 315.97
0.146 312.93
0.147 309.95
0.148 307.05
0.149 304.21
0.15 301.45
0.151 298.74
0.152 296.11
0.153 293.53
0.154 291.01
0.155 288.55
0.156 286.14
0.157 283.78
0.158 281.47
0.159 279.21
0.16 276.99
0.161 274.8
0.162 272.65
0.163 270.53
0.164 268.43
0.165 266.36
0.166 264.31
0.167 262.27
0.168 260.24
0.169 258.21
0.17 256.19
0.171 254.16
0.172 252.12
0.173 250.06
0.174 247.99
0.175 245.88
0.176 243.75
0.177 241.58
0.178 239.36
0.179 237.09
0.18 234.77
0.181 232.38
0.182 229.92
0.183 227.39
0.184 224.77
0.185 222.07
0.186 219.26
0.187 216.35
0.188 213.33
0.189 210.19
0.19 206.92
0.191 203.51
0.192 199.96
0.193 196.25
0.194 192.38
0.195 188.35
0.196 184.13
0.197 179.73
0.198 175.13
0.199 170.33
0.2 165.31
0.201 160.06
0.202 154.58
0.203 148.86
0.204 142.88
0.205 136.64
0.206 130.12
0.207 123.32
0.208 116.22
0.209 108.81
0.21 101.09
0.211 93.042
0.212 84.651
0.213 75.91
0.214 66.806
0.215 57.328
0.216 47.465
0.217 37.203
0.218 26.531
0.219 15.436
0.22 3.9072
0.221 -8.0692
0.222 -20.506
0.223 -32.087
0.224 -41.607
0.225 -49.236
0.226 -55.137
0.227 -59.47
0.228 -62.387
0.229 -64.034
0.23 -64.553
0.231 -64.078
0.232 -62.738
0.233 -60.656
0.234 -57.949
0.235 -54.728
0.236 -51.098
0.237 -47.158
0.238 -43.001
0.239 -38.716
0.24 -34.383
0.241 -30.078
0.242 -25.871
0.243 -21.825
0.244 -17.998
0.245 -14.441
0.246 -11.202
0.247 -8.3184
0.248 -5.8259
0.249 -3.7522
0.25 -2.1194
0.251 -0.94393
0.252 -0.23598
0.253 1.4678e-10
0.254 0
0.255 0
0.256 0
0.257 0
0.258 0
0.259 0
0.26 0
0.261 0
0.262 0
0.263 0
0.264 0
0.265 0
0.266 0
0.267 0
0.268 0
0.269 0
0.27 0
0.271 0
0.272 0
0.273 0
0.274 0
0.275 0
0.276 0
0.277 0
0.278 0
0.279 0
0.28 0
0.281 0
0.282 0
0.283 0
0.284 0
0.285 0
0.286 0
0.287 0
0.288 0
0.289 0
0.29 0
0.291 0
0.292 0
0.293 0
0.294 0
0.295 0
0.296 0
0.297 0
0.298 0
0.299 0
0.3 0
0.301 0
0.302 0
0.303 0
0.304 0
0.305 0
0.306 0
0.307 0
0.308 0
0.309 0
0.31 0
0.311 0
0.312 0
0.313 0
0.314 0
0.315 0
0.316 0
0.317 0
0.318 0
0.319 0
0.32 0
0.321 0
0.322 0
0.323 0
0.324 0
0.325 0
0.326 0
0.327 0
0.328 0
0.329 0
0.33 0
0.331 0
0.332 0
0.333 0
0.334 0
0.335 0
0.336 0
0.337 0
0.338 0
0.339 0
0.34 0
0.341 0
0.342 0
0.343 0
0.344 0
0.345 0
0.346 0
0.347 0
0.348 0
0.349 0
0.35 0
0.351 0
0.352 0
0.353 0
0.354 0
0.355 0
0.356 0
0.357 0
0.358 0
0.359 0
0.36 0
0.361 0
0.362 0
0.363 0
0.364 0
0.365 0
0.366 0
0.367 0
0.368 0
0.369 0
0.37 0
0.371 0
0.372 0
0.373 0
0.374 0
0.375 0
0.376 0
0.377 0
0.378 0
0.379 0
0.38 0
0.381 0
0.382 0
0.383 0
0.384 0
0.385 0
0.386 0
0.387 0
0.388 0
0.389 0
0.39 0
0.391 0
0.392 0
0.393 0
0.394 0
0.395 0
0.396 0
0.397 0
0.398 0
0.399 0
0.4 0
0.401 0
0.402 0
0.403 0
0.404 0
0.405 0
0.406 0
0.407 0
0.408 0
0.409 0
0.41 0
0.411 0
0.412 0
0.413 0
0.414 0
0.415 0
0.416 0
0.417 0
0.418 0
0.419 0
0.42 0
0.421 0
0.422 0
0.423 0
0.424 0
0.425 0
0.426 0
0.427 0
0.428 0
0.429 0
0.43 0
0.431 0
0.432 0
0.433 0
0.434 0
0.435 0
0.436 0
0.437 0
0.438 0
0.439 0
0.44 0
0.441 0
0.442 0
0.443 0
0.444 0
0.445 0
0.446 0
0.447 0
0.448 0
0.449 0
0.45 0
0.451 0
0.452 0
0.453 0
0.454 0
0.455 0
0.456 0
0.457 0
0.458 0
0.459 0
0.46 0
0.461 0
0.462 0
0.463 0
0.464 0
0.465 0
0.466 0
0.467 0
0.468 0
0.469 0
0.47 0
0.471 0
0.472 0
0.473 0
0.474 0
0.475 0
0.476 0
0.477 0
0.478 0
0.479 0
0.48 0
0.481 0
0.482 0
0.483 0
0.484 0
0.485 0
0.486 0
0.487 0
0.488 0
0.489 0
0.49 0
0.491 0
0.492 0
0.493 0
0.494 0
0.495 0
0.496 0
0.497 0
0.498 0
0.499 0
0.5 0
0.501 0
0.502 0
0.503 0
0.504 0
0.505 0
0.506 0
0.507 0
0.508 0
0.509 0
0.51 0
0.511 0
0.512 0
0.513 0
0.514 0
0.515 0
0.516 0
0.517 0
0.518 0
0.519 0
0.52 0
0.521 0
0.522 0
0.523 0
0.524 0
0.525 0
0.526 0
0.527 0
0.528 0
0.529 0
0.53 0
0.531 0
0.532 0
0.533 0
0.534 0
0.535 0
0.536 0
0.537 0
0.538 0
0.539 0
0.54 0
0.541 0
0.542 0
0.543 0
0.544 0
0.545 0
0.546 0
0.547 0
0.548 0
0.549 0
0.55 0
0.551 0
0.552 0
0.553 0
0.554 0
0.555 0
0.556 0
0.557 0
0.558 0
0.559 0
0.56 0
0.561 0
0.562 0
0.563 0
0.564 0
0.565 0
0.566 0
0.567 0
0.568 0
0.569 0
0.57 0
0.571 0
0.572 0
0.573 0
0.574 0
0.575 0
0.576 0
0.577 0
0.578 0
0.579 0
0.58 0
0.581 0
0.582 0
0.583 0
0.584 0
0.585 0
0.586 0
0.587 0
0.588 0
0.589 0
0.59 0
0.591 0
0.592 0
0.593 0
0.594 0
0.595 0
0.596 0
0.597 0
0.598 0
0.599 0
0.6 0
0.601 0
0.602 0
0.603 0
0.604 0
0.605 0
0.606 0
0.607 0
0.608 0
0.609 0
0.61 0
0.611 0
0.612 0
0.613 0
0.614 0
0.615 0
0.616 0
0.617 0
0.618 0
0.619 0
0.62 0
0.621 0
0.622 0
0.623 0
0.624 0
0.625 0
0.626 0
0.627 0
0.628 0
0.629 0
0.63 0
0.631 0
0.632 0
0.633 0
0.634 0
0.635 0
0.636 0
0.637 0
0.638 0
0.639 0
0.64 0
0.641 0
0.642 0
0.643 0
0.644 0
0.645 0
0.646 0
0.647 0
0.648 0
0.649 0
0.65 0
0.651 0
0.652 0
0.653 0
0.654 0
0.655 0
0.656 0
0.657 0
0.658 0
0.659 0
0.66 0
0.661 0
0.662 0
0.663 0
0.664 0
0.665 0
0.666 0
0.667 0
0.668 0
0.669 0
0.67 0
0.671 0
0.672 0
0.673 0
0.674 0
0.675 0
0.676 0
0.677 0
0.678 0
0.679 0
0.68 0
0.681 0
0.682 0
0.683 0
0.684 0
0.685 0
0.686 0
0.687 0
0.688 0
0.689 0
0.69 0
0.691 0
0.692 0
0.693 0
0.694 0
0.695 0
0.696 0
0.697 0
0.698 0
0.699 0
0.7 0
0.701 0
0.702 0
0.703 0
0.704 0
0.705 0
0.706 0
0.707 0
0.708 0
0.709 0
