0 0
0.001 12.207
0.002 24.707
0.003 37.477
0.004 50.498
0.005 63.746
0.006 77.201
0.007 90.843
0.008 104.65
0.009 118.61
0.01 132.69
0.011 146.88
0.012 161.15
0.013 175.5
0.014 189.9
0.015 204.34
0.016 218.79
0.017 233.24
0.018 247.68
0.019 262.08
0.02 276.43
0.021 290.72
0.022 304.93
0.023 319.04
0.024 333.05
0.025 346.93
0.026 360.67
0.027 374.26
0.028 387.69
0.029 400.95
0.03 414.01
0.031 426.87
0.032 439.52
0.033 451.95
0.034 464.14
0.035 476.08
0.036 487.77
0.037 499.19
0.038 510.34
0.039 521.2
0.04 531.77
0.041 542.03
0.042 551.99
0.043 561.62
0.044 570.94
0.045 579.92
0.046 588.56
0.047 596.85
0.048 604.79
0.049 612.38
0.05 619.6
0.051 626.46
0.052 632.94
0.053 639.05
0.054 644.77
0.055 650.12
0.056 655.07
0.057 659.64
0.058 663.81
0.059 667.59
0.06 670.98
0.061 673.97
0.062 676.55
0.063 678.74
0.064 680.54
0.065 681.93
0.066 682.92
0.067 683.51
0.068 683.71
0.069 683.6
0.07 683.26
0.071 682.69
0.072 681.92
0.073 680.94
0.074 679.76
0.075 678.39
0.076 676.83
0.077 675.09
0.078 673.17
0.079 671.09
0.08 668.84
0.081 666.43
0.082 663.88
0.083 661.18
0.084 658.34
0.085 655.36
0.086 652.26
0.087 649.03
0.088 645.68
0.089 642.23
0.09 638.66
0.091 634.99
0.092 631.22
0.093 627.36
0.094 623.41
0.095 619.37
0.096 615.26
0.097 611.07
0.098 606.81
0.099 602.48
0.1 598.1
0.101 593.65
0.102 589.15
0.103 584.6
0.104 580
0.105 575.36
0.106 570.68
0.107 565.97
0.108 561.22
0.109 556.45
0.11 551.65
0.111 546.83
0.112 541.99
0.113 537.14
0.114 532.27
0.115 527.39
0.116 522.51
0.117 517.62
0.118 512.73
0.119 507.84
0.12 502.95
0.121 498.07
0.122 493.2
0.123 488.34
0.124 483.49
0.125 478.65
0.126 473.83
0.127 469.03
0.128 464.25
0.129 459.48
0.13 454.75
0.131 450.03
0.132 445.34
0.133 440.68
0.134 436.05
0.135 431.45
0.136 426.87
0.137 422.33
0.138 417.82
0.139 413.34
0.14 408.9
0.141 404.49
0.142 400.12
0.143 395.78
0.144 391.48
0.145 387.21
0.146 382.98
0.147 378.78
0.148 374.62
0.149 370.5
0.15 366.41
0.151 362.36
0.152 358.34
0.153 354.36
0.154 350.41
0.155 346.5
0.156 342.62
0.157 338.77
0.158 334.95
0.159 331.16
0.16 327.4
0.161 323.67
0.162 319.96
0.163 316.28
0.164 312.62
0.165 308.99
0.166 305.38
0.167 301.78
0.168 298.21
0.169 294.64
0.17 291.1
0.171 287.56
0.172 284.03
0.173 280.51
0.174 277
0.175 273.49
0.176 269.97
0.177 266.46
0.178 262.94
0.179 259.41
0.18 255.87
0.181 252.32
0.182 248.75
0.183 245.16
0.184 241.55
0.185 237.91
0.186 234.24
0.187 230.54
0.188 226.8
0.189 223.02
0.19 219.2
0.191 215.33
0.192 211.41
0.193 207.44
0.194 203.4
0.195 199.3
0.196 195.13
0.197 190.9
0.198 186.58
0.199 182.18
0.2 177.7
0.201 173.13
0.202 168.46
0.203 163.69
0.204 158.82
0.205 153.84
0.206 148.74
0.207 143.53
0.208 138.18
0.209 132.71
0.21 127.1
0.211 121.35
0.212 115.45
0.213 109.4
0.214 103.19
0.215 96.813
0.216 90.267
0.217 83.544
0.218 76.638
0.219 69.542
0.22 62.252
0.221 54.759
0.222 47.058
0.223 39.141
0.224 31.003
0.225 22.636
0.226 14.034
0.227 5.19
0.228 -3.9038
0.229 -13.254
0.23 -22.868
0.231 -32.753
0.232 -41.951
0.233 -49.577
0.234 -55.742
0.235 -60.555
0.236 -64.122
0.237 -66.547
0.238 -67.931
0.239 -68.371
0.24 -67.962
0.241 -66.797
0.242 -64.963
0.243 -62.549
0.244 -59.636
0.245 -56.307
0.246 -52.638
0.247 -48.705
0.248 -44.579
0.249 -40.331
0.25 -36.027
0.251 -31.729
0.252 -27.5
0.253 -23.397
0.254 -19.474
0.255 -15.785
0.256 -12.379
0.257 -9.3013
0.258 -6.5969
0.259 -4.3064
0.26 -2.4677
0.261 -1.1159
0.262 -0.28354
0.263 1.5546e-10
0.264 0
0.265 0
0.266 0
0.267 0
0.268 0
0.269 0
0.27 0
0.271 0
0.272 0
0.273 0
0.274 0
0.275 0
0.276 0
0.277 0
0.278 0
0.279 0
0.28 0
0.281 0
0.282 0
0.283 0
0.284 0
0.285 0
0.286 0
0.287 0
0.288 0
0.289 0
0.29 0
0.291 0
0.292 0
0.293 0
0.294 0
0.295 0
0.296 0
0.297 0
0.298 0
0.299 0
0.3 0
0.301 0
0.302 0
0.303 0
0.304 0
0.305 0
0.306 0
0.307 0
0.308 0
0.309 0
0.31 0
0.311 0
0.312 0
0.313 0
0.314 0
0.315 0
0.316 0
0.317 0
0.318 0
0.319 0
0.32 0
0.321 0
0.322 0
0.323 0
0.324 0
0.325 0
0.326 0
0.327 0
0.328 0
0.329 0
0.33 0
0.331 0
0.332 0
0.333 0
0.334 0
0.335 0
0.336 0
0.337 0
0.338 0
0.339 0
0.34 0
0.341 0
0.342 0
0.343 0
0.344 0
0.345 0
0.346 0
0.347 0
0.348 0
0.349 0
0.35 0
0.351 0
0.352 0
0.353 0
0.354 0
0.355 0
0.356 0
0.357 0
0.358 0
0.359 0
0.36 0
0.361 0
0.362 0
0.363 0
0.364 0
0.365 0
0.366 0
0.367 0
0.368 0
0.369 0
0.37 0
0.371 0
0.372 0
0.373 0
0.374 0
0.375 0
0.376 0
0.377 0
0.378 0
0.379 0
0.38 0
0.381 0
0.382 0
0.383 0
0.384 0
0.385 0
0.386 0
0.387 0
0.388 0
0.389 0
0.39 0
0.391 0
0.392 0
0.393 0
0.394 0
0.395 0
0.396 0
0.397 0
0.398 0
0.399 0
0.4 0
0.401 0
0.402 0
0.403 0
0.404 0
0.405 0
0.406 0
0.407 0
0.408 0
0.409 0
0.41 0
0.411 0
0.412 0
0.413 0
0.414 0
0.415 0
0.416 0
0.417 0
0.418 0
0.419 0
0.42 0
0.421 0
0.422 0
0.423 0
0.424 0
0.425 0
0.426 0
0.427 0
0.428 0
0.429 0
0.43 0
0.431 0
0.432 0
0.433 0
0.434 0
0.435 0
0.436 0
0.437 0
0.438 0
0.439 0
0.44 0
0.441 0
0.442 0
0.443 0
0.444 0
0.445 0
0.446 0
0.447 0
0.448 0
0.449 0
0.45 0
0.451 0
0.452 0
0.453 0
0.454 0
0.455 0
0.456 0
0.457 0
0.458 0
0.459 0
0.46 0
0.461 0
0.462 0
0.463 0
0.464 0
0.465 0
0.466 0
0.467 0
0.468 0
0.469 0
0.47 0
0.471 0
0.472 0
0.473 0
0.474 0
0.475 0
0.476 0
0.477 0
0.478 0
0.479 0
0.48 0
0.481 0
0.482 0
0.483 0
0.484 0
0.485 0
0.486 0
0.487 0
0.488 0
0.489 0
0.49 0
0.491 0
0.492 0
0.493 0
0.494 0
0.495 0
0.496 0
0.497 0
0.498 0
0.499 0
0.5 0
0.501 0
0.502 0
0.503 0
0.504 0
0.505 0
0.506 0
0.507 0
0.508 0
0.509 0
0.51 0
0.511 0
0.512 0
0.513 0
0.514 0
0.515 0
0.516 0
0.517 0
0.518 0
0.519 0
0.52 0
0.521 0
0.522 0
0.523 0
0.524 0
0.525 0
0.526 0
0.527 0
0.528 0
0.529 0
0.53 0
0.531 0
0.532 0
0.533 0
0.534 0
0.535 0
0.536 0
0.537 0
0.538 0
0.539 0
0.54 0
0.541 0
0.542 0
0.543 0
0.544 0
0.545 0
0.546 0
0.547 0
0.548 0
0.549 0
0.55 0
0.551 0
0.552 0
0.553 0
0.554 0
0.555 0
0.556 0
0.557 0
0.558 0
0.559 0
0.56 0
0.561 0
0.562 0
0.563 0
0.564 0
0.565 0
0.566 0
0.567 0
0.568 0
0.569 0
0.57 0
0.571 0
0.572 0
0.573 0
0.574 0
0.575 0
0.576 0
0.577 0
0.578 0
0.579 0
0.58 0
0.581 0
0.582 0
0.583 0
0.584 0
0.585 0
0.586 0
0.587 0
0.588 0
0.589 0
0.59 0
0.591 0
0.592 0
0.593 0
0.594 0
0.595 0
0.596 0
0.597 0
0.598 0
0.599 0
0.6 0
0.601 0
0.602 0
0.603 0
0.604 0
0.605 0
0.606 0
0.607 0
0.608 0
0.609 0
0.61 0
0.611 0
0.612 0
0.613 0
0.614 0
0.615 0
0.616 0
0.617 0
0.618 0
0.619 0
0.62 0
0.621 0
0.622 0
0.623 0
0.624 0
0.625 0
0.626 0
0.627 0
0.628 0
0.629 0
0.63 0
0.631 0
0.632 0
0.633 0
0.634 0
0.635 0
0.636 0
0.637 0
0.638 0
0.639 0
0.64 0
0.641 0
0.642 0
0.643 0
0.644 0
0.645 0
0.646 0
0.647 0
0.648 0
0.649 0
0.65 0
0.651 0
0.652 0
0.653 0
0.654 0
0.655 0
0.656 0
0.657 0
0.658 0
0.659 0
0.66 0
0.661 0
0.662 0
0.663 0
0.664 0
0.665 0
0.666 0
0.667 0
0.668 0
0.669 0
0.67 0
0.671 0
0.672 0
0.673 0
0.674 0
0.675 0
0.676 0
0.677 0
0.678 0
0.679 0
0.68 0
0.681 0
0.682 0
0.683 0
0.684 0
0.685 0
0.686 0
0.687 0
0.688 0
0.689 0
0.69 0
0.691 0
0.692 0
0.693 0
0.694 0
0.695 0
0.696 0
0.697 0
0.698 0
0.699 0
0.7 0
0.701 0
0.702 0
0.703 0
0.704 0
0.705 0
0.706 0
0.707 0
0.708 0
0.709 0
