0 0
0.001 11.926
0.002 24.115
0.003 36.549
0.004 49.21
0.005 62.079
0.006 75.139
0.007 88.372
0.008 101.76
0.009 115.29
0.01 128.94
0.011 142.7
0.012 156.55
0.013 170.48
0.014 184.46
0.015 198.49
0.016 212.54
0.017 226.61
0.018 240.69
0.019 254.74
0.02 268.77
0.021 282.76
0.022 296.69
0.023 310.56
0.024 324.34
0.025 338.03
0.026 351.61
0.027 365.08
0.028 378.42
0.029 391.62
0.03 404.66
0.031 417.55
0.032 430.26
0.033 442.78
0.034 455.12
0.035 467.25
0.036 479.16
0.037 490.86
0.038 502.32
0.039 513.54
0.04 524.51
0.041 535.23
0.042 545.68
0.043 555.87
0.044 565.77
0.045 575.38
0.046 584.7
0.047 593.72
0.048 602.44
0.049 610.84
0.05 618.93
0.051 626.69
0.052 634.12
0.053 641.22
0.054 647.98
0.055 654.4
0.056 660.47
0.057 666.19
0.058 671.56
0.059 676.57
0.06 681.22
0.061 685.5
0.062 689.42
0.063 692.98
0.064 696.16
0.065 698.97
0.066 701.41
0.067 703.48
0.068 705.17
0.069 706.48
0.07 707.42
0.071 707.98
0.072 708.17
0.073 708.06
0.074 707.72
0.075 707.16
0.076 706.39
0.077 705.42
0.078 704.25
0.079 702.89
0.08 701.35
0.081 699.62
0.082 697.72
0.083 695.65
0.084 693.42
0.085 691.03
0.086 688.49
0.087 685.81
0.088 682.98
0.089 680.03
0.09 676.94
0.091 673.73
0.092 670.4
0.093 666.96
0.094 663.41
0.095 659.75
0.096 656
0.097 652.15
0.098 648.22
0.099 644.2
0.1 640.09
0.101 635.92
0.102 631.67
0.103 627.35
0.104 622.97
0.105 618.54
0.106 614.05
0.107 609.5
0.108 604.91
0.109 600.28
0.11 595.61
0.111 590.9
0.112 586.16
0.113 581.39
0.114 576.59
0.115 571.77
0.116 566.93
0.117 562.08
0.118 557.22
0.119 552.34
0.12 547.46
0.121 542.57
0.122 537.68
0.123 532.79
0.124 527.91
0.125 523.03
0.126 518.16
0.127 513.3
0.128 508.45
0.129 503.62
0.13 498.81
0.131 494.02
0.132 489.24
0.133 484.49
0.134 479.77
0.135 475.07
0.136 470.39
0.137 465.75
0.138 461.14
0.139 456.56
0.14 452.02
0.141 447.5
0.142 443.03
0.143 438.59
0.144 434.19
0.145 429.82
0.146 425.5
0.147 421.22
0.148 416.97
0.149 412.77
0.15 408.61
0.151 404.49
0.152 400.41
0.153 396.37
0.154 392.38
0.155 388.43
0.156 384.52
0.157 380.65
0.158 376.83
0.159 373.04
0.16 369.3
0.161 365.6
0.162 361.94
0.163 358.32
0.164 354.73
0.165 351.19
0.166 347.68
0.167 344.21
0.168 340.77
0.169 337.37
0.17 334
0.171 330.66
0.172 327.36
0.173 324.08
0.174 320.83
0.175 317.6
0.176 314.4
0.177 311.22
0.178 308.06
0.179 304.92
0.18 301.79
0.181 298.68
0.182 295.59
0.183 292.5
0.184 289.42
0.185 286.34
0.186 283.27
0.187 280.19
0.188 277.12
0.189 274.04
0.19 270.95
0.191 267.85
0.192 264.73
0.193 261.6
0.194 258.45
0.195 255.27
0.196 252.07
0.197 248.83
0.198 245.57
0.199 242.26
0.2 238.92
0.201 235.53
0.202 232.09
0.203 228.6
0.204 225.05
0.205 221.44
0.206 217.77
0.207 214.02
0.208 210.21
0.209 206.32
0.21 202.34
0.211 198.28
0.212 194.13
0.213 189.88
0.214 185.53
0.215 181.07
0.216 176.51
0.217 171.83
0.218 167.03
0.219 162.1
0.22 157.04
0.221 151.85
0.222 146.51
0.223 141.03
0.224 135.39
0.225 129.59
0.226 123.63
0.227 117.5
0.228 111.19
0.229 104.7
0.23 98.026
0.231 91.154
0.232 84.08
0.233 76.8
0.234 69.306
0.235 61.592
0.236 53.651
0.237 45.477
0.238 37.062
0.239 28.401
0.24 19.486
0.241 10.31
0.242 0.86667
0.243 -8.8521
0.244 -18.853
0.245 -29.144
0.246 -38.815
0.247 -47.016
0.248 -53.839
0.249 -59.376
0.25 -63.716
0.251 -66.945
0.252 -69.15
0.253 -70.414
0.254 -70.817
0.255 -70.44
0.256 -69.36
0.257 -67.652
0.258 -65.391
0.259 -62.648
0.26 -59.492
0.261 -55.993
0.262 -52.215
0.263 -48.224
0.264 -44.08
0.265 -39.844
0.266 -35.574
0.267 -31.328
0.268 -27.158
0.269 -23.118
0.27 -19.258
0.271 -15.626
0.272 -12.27
0.273 -9.2339
0.274 -6.5606
0.275 -4.2911
0.276 -2.4642
0.277 -1.117
0.278 -0.28453
0.279 1.6102e-10
0.28 0
0.281 0
0.282 0
0.283 0
0.284 0
0.285 0
0.286 0
0.287 0
0.288 0
0.289 0
0.29 0
0.291 0
0.292 0
0.293 0
0.294 0
0.295 0
0.296 0
0.297 0
0.298 0
0.299 0
0.3 0
0.301 0
0.302 0
0.303 0
0.304 0
0.305 0
0.306 0
0.307 0
0.308 0
0.309 0
0.31 0
0.311 0
0.312 0
0.313 0
0.314 0
0.315 0
0.316 0
0.317 0
0.318 0
0.319 0
0.32 0
0.321 0
0.322 0
0.323 0
0.324 0
0.325 0
0.326 0
0.327 0
0.328 0
0.329 0
0.33 0
0.331 0
0.332 0
0.333 0
0.334 0
0.335 0
0.336 0
0.337 0
0.338 0
0.339 0
0.34 0
0.341 0
0.342 0
0.343 0
0.344 0
0.345 0
0.346 0
0.347 0
0.348 0
0.349 0
0.35 0
0.351 0
0.352 0
0.353 0
0.354 0
0.355 0
0.356 0
0.357 0
0.358 0
0.359 0
0.36 0
0.361 0
0.362 0
0.363 0
0.364 0
0.365 0
0.366 0
0.367 0
0.368 0
0.369 0
0.37 0
0.371 0
0.372 0
0.373 0
0.374 0
0.375 0
0.376 0
0.377 0
0.378 0
0.379 0
0.38 0
0.381 0
0.382 0
0.383 0
0.384 0
0.385 0
0.386 0
0.387 0
0.388 0
0.389 0
0.39 0
0.391 0
0.392 0
0.393 0
0.394 0
0.395 0
0.396 0
0.397 0
0.398 0
0.399 0
0.4 0
0.401 0
0.402 0
0.403 0
0.404 0
0.405 0
0.406 0
0.407 0
0.408 0
0.409 0
0.41 0
0.411 0
0.412 0
0.413 0
0.414 0
0.415 0
0.416 0
0.417 0
0.418 0
0.419 0
0.42 0
0.421 0
0.422 0
0.423 0
0.424 0
0.425 0
0.426 0
0.427 0
0.428 0
0.429 0
0.43 0
0.431 0
0.432 0
0.433 0
0.434 0
0.435 0
0.436 0
0.437 0
0.438 0
0.439 0
0.44 0
0.441 0
0.442 0
0.443 0
0.444 0
0.445 0
0.446 0
0.447 0
0.448 0
0.449 0
0.45 0
0.451 0
0.452 0
0.453 0
0.454 0
0.455 0
0.456 0
0.457 0
0.458 0
0.459 0
0.46 0
0.461 0
0.462 0
0.463 0
0.464 0
0.465 0
0.466 0
0.467 0
0.468 0
0.469 0
0.47 0
0.471 0
0.472 0
0.473 0
0.474 0
0.475 0
0.476 0
0.477 0
0.478 0
0.479 0
0.48 0
0.481 0
0.482 0
0.483 0
0.484 0
0.485 0
0.486 0
0.487 0
0.488 0
0.489 0
0.49 0
0.491 0
0.492 0
0.493 0
0.494 0
0.495 0
0.496 0
0.497 0
0.498 0
0.499 0
0.5 0
0.501 0
0.502 0
0.503 0
0.504 0
0.505 0
0.506 0
0.507 0
0.508 0
0.509 0
0.51 0
0.511 0
0.512 0
0.513 0
0.514 0
0.515 0
0.516 0
0.517 0
0.518 0
0.519 0
0.52 0
0.521 0
0.522 0
0.523 0
0.524 0
0.525 0
0.526 0
0.527 0
0.528 0
0.529 0
0.53 0
0.531 0
0.532 0
0.533 0
0.534 0
0.535 0
0.536 0
0.537 0
0.538 0
0.539 0
0.54 0
0.541 0
0.542 0
0.543 0
0.544 0
0.545 0
0.546 0
0.547 0
0.548 0
0.549 0
0.55 0
0.551 0
0.552 0
0.553 0
0.554 0
0.555 0
0.556 0
0.557 0
0.558 0
0.559 0
0.56 0
0.561 0
0.562 0
0.563 0
0.564 0
0.565 0
0.566 0
0.567 0
0.568 0
0.569 0
0.57 0
0.571 0
0.572 0
0.573 0
0.574 0
0.575 0
0.576 0
0.577 0
0.578 0
0.579 0
0.58 0
0.581 0
0.582 0
0.583 0
0.584 0
0.585 0
0.586 0
0.587 0
0.588 0
0.589 0
0.59 0
0.591 0
0.592 0
0.593 0
0.594 0
0.595 0
0.596 0
0.597 0
0.598 0
0.599 0
0.6 0
0.601 0
0.602 0
0.603 0
0.604 0
0.605 0
0.606 0
0.607 0
0.608 0
0.609 0
0.61 0
0.611 0
0.612 0
0.613 0
0.614 0
0.615 0
0.616 0
0.617 0
0.618 0
0.619 0
0.62 0
0.621 0
0.622 0
0.623 0
0.624 0
0.625 0
0.626 0
0.627 0
0.628 0
0.629 0
0.63 0
0.631 0
0.632 0
0.633 0
0.634 0
0.635 0
0.636 0
0.637 0
0.638 0
0.639 0
0.64 0
0.641 0
0.642 0
0.643 0
0.644 0
0.645 0
0.646 0
0.647 0
0.648 0
0.649 0
0.65 0
0.651 0
0.652 0
0.653 0
0.654 0
0.655 0
0.656 0
0.657 0
0.658 0
0.659 0
0.66 0
0.661 0
0.662 0
0.663 0
0.664 0
0.665 0
0.666 0
0.667 0
0.668 0
0.669 0
0.67 0
0.671 0
0.672 0
0.673 0
0.674 0
0.675 0
0.676 0
0.677 0
0.678 0
0.679 0
0.68 0
0.681 0
0.682 0
0.683 0
0.684 0
0.685 0
0.686 0
0.687 0
0.688 0
0.689 0
0.69 0
0.691 0
0.692 0
0.693 0
0.694 0
0.695 0
0.696 0
0.697 0
0.698 0
0.699 0
0.7 0
0.701 0
0.702 0
0.703 0
0.704 0
0.705 0
0.706 0
0.707 0
0.708 0
0.709 0
0.71 0
0.711 0
0.712 0
0.713 0
0.714 0
0.715 0
0.716 0
0.717 0
0.718 0
0.719 0
0.72 0
0.721 0
0.722 0
0.723 0
0.724 0
0.725 0
0.726 0
0.727 0
0.728 0
0.729 0
0.73 0
0.731 0
0.732 0
0.733 0
0.734 0
0.735 0
0.736 0
0.737 0
0.738 0
0.739 0
0.74 0
0.741 0
0.742 0
0.743 0
0.744 0
0.745 0
0.746 0
0.747 0
0.748 0
0.749 0
0.75 0
0.751 0
0.752 0
0.753 0
0.754 0
0.755 0
0.756 0
0.757 0
0.758 0
0.759 0
0.76 0
0.761 0
0.762 0
0.763 0
0.764 0
0.765 0
0.766 0
0.767 0
0.768 0
0.769 0
0.77 0
0.771 0
0.772 0
0.773 0
0.774 0
0.775 0
0.776 0
0.777 0
0.778 0
0.779 0
0.78 0
0.781 0
0.782 0
