0 0
0.001 1.0413e-05
0.002 2.1004e-05
0.003 3.1762e-05
0.004 4.2674e-05
0.005 5.3728e-05
0.006 6.491e-05
0.007 7.6209e-05
0.008 8.7613e-05
0.009 9.911e-05
0.01 0.00011069
0.011 0.00012233
0.012 0.00013404
0.013 0.00014578
0.014 0.00015757
0.015 0.00016937
0.016 0.00018119
0.017 0.00019301
0.018 0.00020481
0.019 0.00021659
0.02 0.00022834
0.021 0.00024005
0.022 0.0002517
0.023 0.00026329
0.024 0.0002748
0.025 0.00028623
0.026 0.00029755
0.027 0.00030878
0.028 0.00031988
0.029 0.00033086
0.03 0.0003417
0.031 0.0003524
0.032 0.00036294
0.033 0.00037331
0.034 0.00038351
0.035 0.00039353
0.036 0.00040335
0.037 0.00041297
0.038 0.00042238
0.039 0.00043156
0.04 0.00044052
0.041 0.00044924
0.042 0.00045771
0.043 0.00046593
0.044 0.00047388
0.045 0.00048156
0.046 0.00048896
0.047 0.00049607
0.048 0.00050288
0.049 0.00050939
0.05 0.00051558
0.051 0.00052146
0.052 0.00052701
0.053 0.00053222
0.054 0.00053709
0.055 0.00054161
0.056 0.00054577
0.057 0.00054956
0.058 0.00055299
0.059 0.00055604
0.06 0.0005587
0.061 0.00056097
0.062 0.00056284
0.063 0.00056431
0.064 0.00056536
0.065 0.000566
0.066 0.00056622
0.067 0.0005661
0.068 0.00056576
0.069 0.0005652
0.07 0.00056443
0.071 0.00056345
0.072 0.00056228
0.073 0.00056092
0.074 0.00055938
0.075 0.00055766
0.076 0.00055577
0.077 0.00055372
0.078 0.00055151
0.079 0.00054915
0.08 0.00054665
0.081 0.00054401
0.082 0.00054124
0.083 0.00053835
0.084 0.00053533
0.085 0.00053221
0.086 0.00052897
0.087 0.00052564
0.088 0.0005222
0.089 0.00051868
0.09 0.00051507
0.091 0.00051138
0.092 0.00050761
0.093 0.00050378
0.094 0.00049987
0.095 0.00049591
0.096 0.00049189
0.097 0.00048782
0.098 0.0004837
0.099 0.00047954
0.1 0.00047535
0.101 0.00047111
0.102 0.00046685
0.103 0.00046256
0.104 0.00045825
0.105 0.00045392
0.106 0.00044958
0.107 0.00044522
0.108 0.00044086
0.109 0.00043649
0.11 0.00043212
0.111 0.00042775
0.112 0.00042339
0.113 0.00041904
0.114 0.0004147
0.115 0.00041037
0.116 0.00040605
0.117 0.00040176
0.118 0.00039749
0.119 0.00039324
0.12 0.00038902
0.121 0.00038482
0.122 0.00038066
0.123 0.00037653
0.124 0.00037243
0.125 0.00036837
0.126 0.00036434
0.127 0.00036035
0.128 0.00035641
0.129 0.0003525
0.13 0.00034864
0.131 0.00034483
0.132 0.00034105
0.133 0.00033733
0.134 0.00033365
0.135 0.00033002
0.136 0.00032644
0.137 0.0003229
0.138 0.00031942
0.139 0.00031598
0.14 0.00031259
0.141 0.00030926
0.142 0.00030597
0.143 0.00030273
0.144 0.00029955
0.145 0.00029641
0.146 0.00029332
0.147 0.00029028
0.148 0.00028729
0.149 0.00028434
0.15 0.00028144
0.151 0.00027859
0.152 0.00027578
0.153 0.00027301
0.154 0.00027029
0.155 0.00026761
0.156 0.00026496
0.157 0.00026236
0.158 0.00025979
0.159 0.00025725
0.16 0.00025475
0.161 0.00025228
0.162 0.00024984
0.163 0.00024742
0.164 0.00024503
0.165 0.00024266
0.166 0.00024031
0.167 0.00023798
0.168 0.00023566
0.169 0.00023336
0.17 0.00023106
0.171 0.00022877
0.172 0.00022649
0.173 0.0002242
0.174 0.00022191
0.175 0.00021961
0.176 0.00021731
0.177 0.00021499
0.178 0.00021265
0.179 0.00021029
0.18 0.00020791
0.181 0.0002055
0.182 0.00020305
0.183 0.00020057
0.184 0.00019805
0.185 0.00019548
0.186 0.00019286
0.187 0.00019019
0.188 0.00018746
0.189 0.00018466
0.19 0.00018179
0.191 0.00017886
0.192 0.00017584
0.193 0.00017274
0.194 0.00016955
0.195 0.00016626
0.196 0.00016288
0.197 0.00015939
0.198 0.00015578
0.199 0.00015206
0.2 0.00014822
0.201 0.00014425
0.202 0.00014014
0.203 0.0001359
0.204 0.0001315
0.205 0.00012695
0.206 0.00012224
0.207 0.00011737
0.208 0.00011232
0.209 0.00010709
0.21 0.00010167
0.211 9.6055e-05
0.212 9.0242e-05
0.213 8.422e-05
0.214 7.7981e-05
0.215 7.152e-05
0.216 6.4828e-05
0.217 5.7897e-05
0.218 5.072e-05
0.219 4.3289e-05
0.22 3.5597e-05
0.221 2.7634e-05
0.222 1.9394e-05
0.223 1.0867e-05
0.224 2.0463e-06
0.225 -7.0777e-06
0.226 -1.6513e-05
0.227 -2.6269e-05
0.228 -3.5227e-05
0.229 -4.2379e-05
0.23 -4.7891e-05
0.231 -5.1922e-05
0.232 -5.4625e-05
0.233 -5.6145e-05
0.234 -5.6622e-05
0.235 -5.6188e-05
0.236 -5.4969e-05
0.237 -5.3085e-05
0.238 -5.0648e-05
0.239 -4.7764e-05
0.24 -4.4531e-05
0.241 -4.1044e-05
0.242 -3.7386e-05
0.243 -3.3639e-05
0.244 -2.9873e-05
0.245 -2.6156e-05
0.246 -2.2545e-05
0.247 -1.9094e-05
0.248 -1.5849e-05
0.249 -1.2848e-05
0.25 -1.0124e-05
0.251 -7.7031e-06
0.252 -5.604e-06
0.253 -3.8393e-06
0.254 -2.4147e-06
0.255 -1.3294e-06
0.256 -5.7579e-07
0.257 -1.3963e-07
0.258 -3.8623e-16
0.259 0
0.26 0
0.261 0
0.262 0
0.263 0
0.264 0
0.265 0
0.266 0
0.267 0
0.268 0
0.269 0
0.27 0
0.271 0
0.272 0
0.273 0
0.274 0
0.275 0
0.276 0
0.277 0
0.278 0
0.279 0
0.28 0
0.281 0
0.282 0
0.283 0
0.284 0
0.285 0
0.286 0
0.287 0
0.288 0
0.289 0
0.29 0
0.291 0
0.292 0
0.293 0
0.294 0
0.295 0
0.296 0
0.297 0
0.298 0
0.299 0
0.3 0
0.301 0
0.302 0
0.303 0
0.304 0
0.305 0
0.306 0
0.307 0
0.308 0
0.309 0
0.31 0
0.311 0
0.312 0
0.313 0
0.314 0
0.315 0
0.316 0
0.317 0
0.318 0
0.319 0
0.32 0
0.321 0
0.322 0
0.323 0
0.324 0
0.325 0
0.326 0
0.327 0
0.328 0
0.329 0
0.33 0
0.331 0
0.332 0
0.333 0
0.334 0
0.335 0
0.336 0
0.337 0
0.338 0
0.339 0
0.34 0
0.341 0
0.342 0
0.343 0
0.344 0
0.345 0
0.346 0
0.347 0
0.348 0
0.349 0
0.35 0
0.351 0
0.352 0
0.353 0
0.354 0
0.355 0
0.356 0
0.357 0
0.358 0
0.359 0
0.36 0
0.361 0
0.362 0
0.363 0
0.364 0
0.365 0
0.366 0
0.367 0
0.368 0
0.369 0
0.37 0
0.371 0
0.372 0
0.373 0
0.374 0
0.375 0
0.376 0
0.377 0
0.378 0
0.379 0
0.38 0
0.381 0
0.382 0
0.383 0
0.384 0
0.385 0
0.386 0
0.387 0
0.388 0
0.389 0
0.39 0
0.391 0
0.392 0
0.393 0
0.394 0
0.395 0
0.396 0
0.397 0
0.398 0
0.399 0
0.4 0
0.401 0
0.402 0
0.403 0
0.404 0
0.405 0
0.406 0
0.407 0
0.408 0
0.409 0
0.41 0
0.411 0
0.412 0
0.413 0
0.414 0
0.415 0
0.416 0
0.417 0
0.418 0
0.419 0
0.42 0
0.421 0
0.422 0
0.423 0
0.424 0
0.425 0
0.426 0
0.427 0
0.428 0
0.429 0
0.43 0
0.431 0
0.432 0
0.433 0
0.434 0
0.435 0
0.436 0
0.437 0
0.438 0
0.439 0
0.44 0
0.441 0
0.442 0
0.443 0
0.444 0
0.445 0
0.446 0
0.447 0
0.448 0
0.449 0
0.45 0
0.451 0
0.452 0
0.453 0
0.454 0
0.455 0
0.456 0
0.457 0
0.458 0
0.459 0
0.46 0
0.461 0
0.462 0
0.463 0
0.464 0
0.465 0
0.466 0
0.467 0
0.468 0
0.469 0
0.47 0
0.471 0
0.472 0
0.473 0
0.474 0
0.475 0
0.476 0
0.477 0
0.478 0
0.479 0
0.48 0
0.481 0
0.482 0
0.483 0
0.484 0
0.485 0
0.486 0
0.487 0
0.488 0
0.489 0
0.49 0
0.491 0
0.492 0
0.493 0
0.494 0
0.495 0
0.496 0
0.497 0
0.498 0
0.499 0
0.5 0
0.501 0
0.502 0
0.503 0
0.504 0
0.505 0
0.506 0
0.507 0
0.508 0
0.509 0
0.51 0
0.511 0
0.512 0
0.513 0
0.514 0
0.515 0
0.516 0
0.517 0
0.518 0
0.519 0
0.52 0
0.521 0
0.522 0
0.523 0
0.524 0
0.525 0
0.526 0
0.527 0
0.528 0
0.529 0
0.53 0
0.531 0
0.532 0
0.533 0
0.534 0
0.535 0
0.536 0
0.537 0
0.538 0
0.539 0
0.54 0
0.541 0
0.542 0
0.543 0
0.544 0
0.545 0
0.546 0
0.547 0
0.548 0
0.549 0
0.55 0
0.551 0
0.552 0
0.553 0
0.554 0
0.555 0
0.556 0
0.557 0
0.558 0
0.559 0
0.56 0
0.561 0
0.562 0
0.563 0
0.564 0
0.565 0
0.566 0
0.567 0
0.568 0
0.569 0
0.57 0
0.571 0
0.572 0
0.573 0
0.574 0
0.575 0
0.576 0
0.577 0
0.578 0
0.579 0
0.58 0
0.581 0
0.582 0
0.583 0
0.584 0
0.585 0
0.586 0
0.587 0
0.588 0
0.589 0
0.59 0
0.591 0
0.592 0
0.593 0
0.594 0
0.595 0
0.596 0
0.597 0
0.598 0
0.599 0
0.6 0
0.601 0
0.602 0
0.603 0
0.604 0
0.605 0
0.606 0
0.607 0
0.608 0
0.609 0
0.61 0
0.611 0
0.612 0
0.613 0
0.614 0
0.615 0
0.616 0
0.617 0
0.618 0
0.619 0
0.62 0
0.621 0
0.622 0
0.623 0
0.624 0
0.625 0
0.626 0
0.627 0
0.628 0
0.629 0
0.63 0
0.631 0
0.632 0
0.633 0
0.634 0
0.635 0
0.636 0
0.637 0
0.638 0
0.639 0
0.64 0
0.641 0
0.642 0
0.643 0
0.644 0
0.645 0
0.646 0
0.647 0
0.648 0
0.649 0
0.65 0
0.651 0
0.652 0
0.653 0
0.654 0
0.655 0
0.656 0
0.657 0
0.658 0
0.659 0
0.66 0
0.661 0
0.662 0
0.663 0
0.664 0
0.665 0
0.666 0
0.667 0
0.668 0
0.669 0
0.67 0
0.671 0
0.672 0
0.673 0
0.674 0
0.675 0
0.676 0
0.677 0
0.678 0
0.679 0
0.68 0
0.681 0
0.682 0
0.683 0
0.684 0
0.685 0
0.686 0
0.687 0
0.688 0
0.689 0
0.69 0
0.691 0
0.692 0
0.693 0
0.694 0
0.695 0
0.696 0
0.697 0
0.698 0
0.699 0
0.7 0
0.701 0
0.702 0
0.703 0
0.704 0
0.705 0
0.706 0
0.707 0
0.708 0
0.709 0
0.71 0
0.711 0
0.712 0
0.713 0
0.714 0
0.715 0
0.716 0
0.717 0
0.718 0
0.719 0
0.72 0
0.721 0
0.722 0
0.723 0
0.724 0
0.725 0
0.726 0
0.727 0
0.728 0
0.729 0
0.73 0
0.731 0
0.732 0
0.733 0
0.734 0
0.735 0
0.736 0
0.737 0
0.738 0
0.739 0
0.74 0
0.741 0
0.742 0
0.743 0
0.744 0
0.745 0
0.746 0
0.747 0
0.748 0
0.749 0
0.75 0
0.751 0
0.752 0
0.753 0
0.754 0
0.755 0
0.756 0
0.757 0
0.758 0
0.759 0
0.76 0
0.761 0
0.762 0
0.763 0
0.764 0
0.765 0
0.766 0
0.767 0
0.768 0
0.769 0
0.77 0
0.771 0
0.772 0
0.773 0
0.774 0
0.775 0
0.776 0
0.777 0
0.778 0
0.779 0
0.78 0
0.781 0
0.782 0
0.783 0
0.784 0
0.785 0
0.786 0
0.787 0
0.788 0
0.789 0
0.79 0
0.791 0
0.792 0
0.793 0
0.794 0
0.795 0
0.796 0
0.797 0
0.798 0
0.799 0
0.8 0
0.801 0
0.802 0
0.803 0
0.804 0
0.805 0
0.806 0
0.807 0
0.808 0
0.809 0
0.81 0
0.811 0
0.812 0
0.813 0
0.814 0
0.815 0
0.816 0
0.817 0
0.818 0
0.819 0
0.82 0
0.821 0
0.822 0
0.823 0
0.824 0
0.825 0
0.826 0
0.827 0
0.828 0
0.829 0
0.83 0
0.831 0
0.832 0
0.833 0
0.834 0
0.835 0
0.836 0
0.837 0
0.838 0
0.839 0
0.84 0
0.841 0
0.842 0
0.843 0
0.844 0
0.845 0
0.846 0
0.847 0
0.848 0
0.849 0
0.85 0
0.851 0
0.852 0
0.853 0
0.854 0
0.855 0
0.856 0
0.857 0
0.858 0
0.859 0
0.86 0
0.861 0
0.862 0
0.863 0
0.864 0
0.865 0
0.866 0
0.867 0
0.868 0
0.869 0
0.87 0
0.871 0
0.872 0
0.873 0
