0 0
0.001 12.643
0.002 25.649
0.003 38.99
0.004 52.639
0.005 66.57
0.006 80.754
0.007 95.168
0.008 109.79
0.009 124.58
0.01 139.53
0.011 154.61
0.012 169.8
0.013 185.08
0.014 200.41
0.015 215.79
0.016 231.19
0.017 246.59
0.018 261.97
0.019 277.31
0.02 292.59
0.021 307.8
0.022 322.91
0.023 337.91
0.024 352.78
0.025 367.51
0.026 382.07
0.027 396.47
0.028 410.67
0.029 424.67
0.03 438.45
0.031 452
0.032 465.3
0.033 478.36
0.034 491.15
0.035 503.66
0.036 515.88
0.037 527.81
0.038 539.43
0.039 550.73
0.04 561.71
0.041 572.37
0.042 582.68
0.043 592.65
0.044 602.27
0.045 611.54
0.046 620.44
0.047 628.98
0.048 637.15
0.049 644.94
0.05 652.37
0.051 659.41
0.052 666.08
0.053 672.36
0.054 678.27
0.055 683.79
0.056 688.93
0.057 693.7
0.058 698.08
0.059 702.09
0.06 705.73
0.061 708.99
0.062 711.89
0.063 714.42
0.064 716.6
0.065 718.42
0.066 719.9
0.067 721.04
0.068 721.84
0.069 722.31
0.07 722.47
0.071 722.35
0.072 722
0.073 721.43
0.074 720.64
0.075 719.64
0.076 718.43
0.077 717.03
0.078 715.43
0.079 713.65
0.08 711.69
0.081 709.55
0.082 707.25
0.083 704.79
0.084 702.17
0.085 699.41
0.086 696.49
0.087 693.44
0.088 690.26
0.089 686.95
0.09 683.52
0.091 679.97
0.092 676.31
0.093 672.54
0.094 668.68
0.095 664.71
0.096 660.65
0.097 656.51
0.098 652.28
0.099 647.97
0.1 643.6
0.101 639.15
0.102 634.63
0.103 630.06
0.104 625.43
0.105 620.75
0.106 616.02
0.107 611.24
0.108 606.42
0.109 601.57
0.11 596.68
0.111 591.76
0.112 586.82
0.113 581.85
0.114 576.86
0.115 571.86
0.116 566.84
0.117 561.81
0.118 556.77
0.119 551.73
0.12 546.68
0.121 541.64
0.122 536.6
0.123 531.56
0.124 526.53
0.125 521.51
0.126 516.51
0.127 511.52
0.128 506.54
0.129 501.59
0.13 496.65
0.131 491.74
0.132 486.85
0.133 481.98
0.134 477.14
0.135 472.34
0.136 467.56
0.137 462.81
0.138 458.1
0.139 453.41
0.14 448.77
0.141 444.16
0.142 439.58
0.143 435.04
0.144 430.54
0.145 426.08
0.146 421.66
0.147 417.28
0.148 412.93
0.149 408.63
0.15 404.36
0.151 400.14
0.152 395.96
0.153 391.81
0.154 387.71
0.155 383.65
0.156 379.62
0.157 375.64
0.158 371.69
0.159 367.78
0.16 363.91
0.161 360.07
0.162 356.27
0.163 352.5
0.164 348.77
0.165 345.07
0.166 341.4
0.167 337.76
0.168 334.15
0.169 330.56
0.17 327
0.171 323.47
0.172 319.95
0.173 316.46
0.174 312.98
0.175 309.52
0.176 306.08
0.177 302.65
0.178 299.22
0.179 295.81
0.18 292.4
0.181 288.99
0.182 285.58
0.183 282.17
0.184 278.75
0.185 275.33
0.186 271.89
0.187 268.44
0.188 264.98
0.189 261.49
0.19 257.98
0.191 254.44
0.192 250.87
0.193 247.27
0.194 243.63
0.195 239.94
0.196 236.22
0.197 232.44
0.198 228.61
0.199 224.72
0.2 220.77
0.201 216.76
0.202 212.68
0.203 208.52
0.204 204.28
0.205 199.96
0.206 195.56
0.207 191.06
0.208 186.46
0.209 181.76
0.21 176.95
0.211 172.03
0.212 166.99
0.213 161.83
0.214 156.55
0.215 151.12
0.216 145.56
0.217 139.86
0.218 134
0.219 127.99
0.22 121.82
0.221 115.47
0.222 108.96
0.223 102.26
0.224 95.379
0.225 88.305
0.226 81.031
0.227 73.551
0.228 65.86
0.229 57.951
0.23 49.816
0.231 41.448
0.232 32.842
0.233 23.99
0.234 14.885
0.235 5.5203
0.236 -4.1121
0.237 -14.019
0.238 -24.208
0.239 -34.687
0.24 -44.429
0.241 -52.488
0.242 -58.99
0.243 -64.054
0.244 -67.8
0.245 -70.341
0.246 -71.788
0.247 -72.247
0.248 -71.822
0.249 -70.611
0.25 -68.711
0.251 -66.214
0.252 -63.208
0.253 -59.778
0.254 -56.005
0.255 -51.966
0.256 -47.736
0.257 -43.384
0.258 -38.977
0.259 -34.578
0.26 -30.245
0.261 -26.035
0.262 -21.999
0.263 -18.185
0.264 -14.638
0.265 -11.399
0.266 -8.5045
0.267 -5.9884
0.268 -3.8805
0.269 -2.207
0.27 -0.99041
0.271 -0.24968
0.272 1.6427e-10
0.273 0
0.274 0
0.275 0
0.276 0
0.277 0
0.278 0
0.279 0
0.28 0
0.281 0
0.282 0
0.283 0
0.284 0
0.285 0
0.286 0
0.287 0
0.288 0
0.289 0
0.29 0
0.291 0
0.292 0
0.293 0
0.294 0
0.295 0
0.296 0
0.297 0
0.298 0
0.299 0
0.3 0
0.301 0
0.302 0
0.303 0
0.304 0
0.305 0
0.306 0
0.307 0
0.308 0
0.309 0
0.31 0
0.311 0
0.312 0
0.313 0
0.314 0
0.315 0
0.316 0
0.317 0
0.318 0
0.319 0
0.32 0
0.321 0
0.322 0
0.323 0
0.324 0
0.325 0
0.326 0
0.327 0
0.328 0
0.329 0
0.33 0
0.331 0
0.332 0
0.333 0
0.334 0
0.335 0
0.336 0
0.337 0
0.338 0
0.339 0
0.34 0
0.341 0
0.342 0
0.343 0
0.344 0
0.345 0
0.346 0
0.347 0
0.348 0
0.349 0
0.35 0
0.351 0
0.352 0
0.353 0
0.354 0
0.355 0
0.356 0
0.357 0
0.358 0
0.359 0
0.36 0
0.361 0
0.362 0
0.363 0
0.364 0
0.365 0
0.366 0
0.367 0
0.368 0
0.369 0
0.37 0
0.371 0
0.372 0
0.373 0
0.374 0
0.375 0
0.376 0
0.377 0
0.378 0
0.379 0
0.38 0
0.381 0
0.382 0
0.383 0
0.384 0
0.385 0
0.386 0
0.387 0
0.388 0
0.389 0
0.39 0
0.391 0
0.392 0
0.393 0
0.394 0
0.395 0
0.396 0
0.397 0
0.398 0
0.399 0
0.4 0
0.401 0
0.402 0
0.403 0
0.404 0
0.405 0
0.406 0
0.407 0
0.408 0
0.409 0
0.41 0
0.411 0
0.412 0
0.413 0
0.414 0
0.415 0
0.416 0
0.417 0
0.418 0
0.419 0
0.42 0
0.421 0
0.422 0
0.423 0
0.424 0
0.425 0
0.426 0
0.427 0
0.428 0
0.429 0
0.43 0
0.431 0
0.432 0
0.433 0
0.434 0
0.435 0
0.436 0
0.437 0
0.438 0
0.439 0
0.44 0
0.441 0
0.442 0
0.443 0
0.444 0
0.445 0
0.446 0
0.447 0
0.448 0
0.449 0
0.45 0
0.451 0
0.452 0
0.453 0
0.454 0
0.455 0
0.456 0
0.457 0
0.458 0
0.459 0
0.46 0
0.461 0
0.462 0
0.463 0
0.464 0
0.465 0
0.466 0
0.467 0
0.468 0
0.469 0
0.47 0
0.471 0
0.472 0
0.473 0
0.474 0
0.475 0
0.476 0
0.477 0
0.478 0
0.479 0
0.48 0
0.481 0
0.482 0
0.483 0
0.484 0
0.485 0
0.486 0
0.487 0
0.488 0
0.489 0
0.49 0
0.491 0
0.492 0
0.493 0
0.494 0
0.495 0
0.496 0
0.497 0
0.498 0
0.499 0
0.5 0
0.501 0
0.502 0
0.503 0
0.504 0
0.505 0
0.506 0
0.507 0
0.508 0
0.509 0
0.51 0
0.511 0
0.512 0
0.513 0
0.514 0
0.515 0
0.516 0
0.517 0
0.518 0
0.519 0
0.52 0
0.521 0
0.522 0
0.523 0
0.524 0
0.525 0
0.526 0
0.527 0
0.528 0
0.529 0
0.53 0
0.531 0
0.532 0
0.533 0
0.534 0
0.535 0
0.536 0
0.537 0
0.538 0
0.539 0
0.54 0
0.541 0
0.542 0
0.543 0
0.544 0
0.545 0
0.546 0
0.547 0
0.548 0
0.549 0
0.55 0
0.551 0
0.552 0
0.553 0
0.554 0
0.555 0
0.556 0
0.557 0
0.558 0
0.559 0
0.56 0
0.561 0
0.562 0
0.563 0
0.564 0
0.565 0
0.566 0
0.567 0
0.568 0
0.569 0
0.57 0
0.571 0
0.572 0
0.573 0
0.574 0
0.575 0
0.576 0
0.577 0
0.578 0
0.579 0
0.58 0
0.581 0
0.582 0
0.583 0
0.584 0
0.585 0
0.586 0
0.587 0
0.588 0
0.589 0
0.59 0
0.591 0
0.592 0
0.593 0
0.594 0
0.595 0
0.596 0
0.597 0
0.598 0
0.599 0
0.6 0
0.601 0
0.602 0
0.603 0
0.604 0
0.605 0
0.606 0
0.607 0
0.608 0
0.609 0
0.61 0
0.611 0
0.612 0
0.613 0
0.614 0
0.615 0
0.616 0
0.617 0
0.618 0
0.619 0
0.62 0
0.621 0
0.622 0
0.623 0
0.624 0
0.625 0
0.626 0
0.627 0
0.628 0
0.629 0
0.63 0
0.631 0
0.632 0
0.633 0
0.634 0
0.635 0
0.636 0
0.637 0
0.638 0
0.639 0
0.64 0
0.641 0
0.642 0
0.643 0
0.644 0
0.645 0
0.646 0
0.647 0
0.648 0
0.649 0
0.65 0
0.651 0
0.652 0
0.653 0
0.654 0
0.655 0
0.656 0
0.657 0
0.658 0
0.659 0
0.66 0
0.661 0
0.662 0
0.663 0
0.664 0
0.665 0
0.666 0
0.667 0
0.668 0
0.669 0
0.67 0
0.671 0
0.672 0
0.673 0
0.674 0
0.675 0
0.676 0
0.677 0
0.678 0
0.679 0
0.68 0
0.681 0
0.682 0
0.683 0
0.684 0
0.685 0
0.686 0
0.687 0
0.688 0
0.689 0
0.69 0
0.691 0
0.692 0
0.693 0
0.694 0
0.695 0
0.696 0
0.697 0
0.698 0
0.699 0
0.7 0
0.701 0
0.702 0
0.703 0
0.704 0
0.705 0
0.706 0
0.707 0
0.708 0
0.709 0
