0 0
0.001 10.749
0.002 21.717
0.003 32.89
0.004 44.252
0.005 55.791
0.006 67.493
0.007 79.343
0.008 91.329
0.009 103.44
0.01 115.65
0.011 127.97
0.012 140.36
0.013 152.83
0.014 165.35
0.015 177.93
0.016 190.53
0.017 203.16
0.018 215.8
0.019 228.45
0.02 241.08
0.021 253.68
0.022 266.26
0.023 278.79
0.024 291.27
0.025 303.68
0.026 316.02
0.027 328.28
0.028 340.44
0.029 352.5
0.03 364.45
0.031 376.28
0.032 387.97
0.033 399.53
0.034 410.94
0.035 422.2
0.036 433.29
0.037 444.22
0.038 454.96
0.039 465.52
0.04 475.88
0.041 486.04
0.042 496
0.043 505.74
0.044 515.26
0.045 524.55
0.046 533.61
0.047 542.44
0.048 551.01
0.049 559.34
0.05 567.41
0.051 575.21
0.052 582.76
0.053 590.03
0.054 597.02
0.055 603.74
0.056 610.17
0.057 616.32
0.058 622.17
0.059 627.73
0.06 632.98
0.061 637.94
0.062 642.59
0.063 646.93
0.064 650.96
0.065 654.68
0.066 658.08
0.067 661.17
0.068 663.93
0.069 666.38
0.07 668.5
0.071 670.3
0.072 671.77
0.073 672.91
0.074 673.73
0.075 674.23
0.076 674.39
0.077 674.29
0.078 673.98
0.079 673.47
0.08 672.77
0.081 671.89
0.082 670.82
0.083 669.57
0.084 668.16
0.085 666.58
0.086 664.85
0.087 662.95
0.088 660.91
0.089 658.73
0.09 656.41
0.091 653.95
0.092 651.36
0.093 648.65
0.094 645.82
0.095 642.88
0.096 639.83
0.097 636.67
0.098 633.41
0.099 630.05
0.1 626.61
0.101 623.07
0.102 619.45
0.103 615.76
0.104 611.98
0.105 608.14
0.106 604.23
0.107 600.26
0.108 596.22
0.109 592.13
0.11 587.99
0.111 583.8
0.112 579.57
0.113 575.29
0.114 570.98
0.115 566.63
0.116 562.25
0.117 557.85
0.118 553.41
0.119 548.96
0.12 544.48
0.121 539.99
0.122 535.49
0.123 530.97
0.124 526.45
0.125 521.92
0.126 517.39
0.127 512.86
0.128 508.33
0.129 503.81
0.13 499.29
0.131 494.79
0.132 490.29
0.133 485.8
0.134 481.34
0.135 476.88
0.136 472.45
0.137 468.04
0.138 463.65
0.139 459.28
0.14 454.95
0.141 450.63
0.142 446.35
0.143 442.1
0.144 437.87
0.145 433.68
0.146 429.53
0.147 425.41
0.148 421.32
0.149 417.27
0.15 413.26
0.151 409.29
0.152 405.35
0.153 401.46
0.154 397.6
0.155 393.79
0.156 390.02
0.157 386.29
0.158 382.6
0.159 378.96
0.16 375.36
0.161 371.8
0.162 368.28
0.163 364.81
0.164 361.37
0.165 357.98
0.166 354.64
0.167 351.33
0.168 348.07
0.169 344.84
0.17 341.66
0.171 338.52
0.172 335.42
0.173 332.35
0.174 329.32
0.175 326.33
0.176 323.38
0.177 320.46
0.178 317.57
0.179 314.72
0.18 311.9
0.181 309.11
0.182 306.34
0.183 303.61
0.184 300.9
0.185 298.21
0.186 295.55
0.187 292.91
0.188 290.28
0.189 287.68
0.19 285.09
0.191 282.51
0.192 279.95
0.193 277.39
0.194 274.84
0.195 272.3
0.196 269.76
0.197 267.21
0.198 264.67
0.199 262.12
0.2 259.56
0.201 257
0.202 254.41
0.203 251.82
0.204 249.2
0.205 246.57
0.206 243.9
0.207 241.21
0.208 238.49
0.209 235.74
0.21 232.94
0.211 230.11
0.212 227.23
0.213 224.31
0.214 221.33
0.215 218.29
0.216 215.2
0.217 212.05
0.218 208.82
0.219 205.53
0.22 202.16
0.221 198.72
0.222 195.19
0.223 191.57
0.224 187.86
0.225 184.06
0.226 180.16
0.227 176.15
0.228 172.03
0.229 167.8
0.23 163.45
0.231 158.97
0.232 154.37
0.233 149.64
0.234 144.76
0.235 139.74
0.236 134.58
0.237 129.26
0.238 123.78
0.239 118.14
0.24 112.33
0.241 106.34
0.242 100.17
0.243 93.818
0.244 87.271
0.245 80.527
0.246 73.58
0.247 66.422
0.248 59.05
0.249 51.455
0.25 43.633
0.251 35.578
0.252 27.282
0.253 18.74
0.254 9.9446
0.255 0.89025
0.256 -8.4299
0.257 -18.022
0.258 -27.894
0.259 -37.155
0.26 -44.977
0.261 -51.46
0.262 -56.701
0.263 -60.792
0.264 -63.825
0.265 -65.887
0.266 -67.064
0.267 -67.439
0.268 -67.091
0.269 -66.096
0.27 -64.53
0.271 -62.464
0.272 -59.966
0.273 -57.103
0.274 -53.937
0.275 -50.529
0.276 -46.937
0.277 -43.216
0.278 -39.417
0.279 -35.591
0.28 -31.783
0.281 -28.039
0.282 -24.397
0.283 -20.898
0.284 -17.577
0.285 -14.467
0.286 -11.597
0.287 -8.9948
0.288 -6.6854
0.289 -4.6904
0.29 -3.0287
0.291 -1.7167
0.292 -0.76784
0.293 -0.19295
0.294 1.5334e-10
0.295 0
0.296 0
0.297 0
0.298 0
0.299 0
0.3 0
0.301 0
0.302 0
0.303 0
0.304 0
0.305 0
0.306 0
0.307 0
0.308 0
0.309 0
0.31 0
0.311 0
0.312 0
0.313 0
0.314 0
0.315 0
0.316 0
0.317 0
0.318 0
0.319 0
0.32 0
0.321 0
0.322 0
0.323 0
0.324 0
0.325 0
0.326 0
0.327 0
0.328 0
0.329 0
0.33 0
0.331 0
0.332 0
0.333 0
0.334 0
0.335 0
0.336 0
0.337 0
0.338 0
0.339 0
0.34 0
0.341 0
0.342 0
0.343 0
0.344 0
0.345 0
0.346 0
0.347 0
0.348 0
0.349 0
0.35 0
0.351 0
0.352 0
0.353 0
0.354 0
0.355 0
0.356 0
0.357 0
0.358 0
0.359 0
0.36 0
0.361 0
0.362 0
0.363 0
0.364 0
0.365 0
0.366 0
0.367 0
0.368 0
0.369 0
0.37 0
0.371 0
0.372 0
0.373 0
0.374 0
0.375 0
0.376 0
0.377 0
0.378 0
0.379 0
0.38 0
0.381 0
0.382 0
0.383 0
0.384 0
0.385 0
0.386 0
0.387 0
0.388 0
0.389 0
0.39 0
0.391 0
0.392 0
0.393 0
0.394 0
0.395 0
0.396 0
0.397 0
0.398 0
0.399 0
0.4 0
0.401 0
0.402 0
0.403 0
0.404 0
0.405 0
0.406 0
0.407 0
0.408 0
0.409 0
0.41 0
0.411 0
0.412 0
0.413 0
0.414 0
0.415 0
0.416 0
0.417 0
0.418 0
0.419 0
0.42 0
0.421 0
0.422 0
0.423 0
0.424 0
0.425 0
0.426 0
0.427 0
0.428 0
0.429 0
0.43 0
0.431 0
0.432 0
0.433 0
0.434 0
0.435 0
0.436 0
0.437 0
0.438 0
0.439 0
0.44 0
0.441 0
0.442 0
0.443 0
0.444 0
0.445 0
0.446 0
0.447 0
0.448 0
0.449 0
0.45 0
0.451 0
0.452 0
0.453 0
0.454 0
0.455 0
0.456 0
0.457 0
0.458 0
0.459 0
0.46 0
0.461 0
0.462 0
0.463 0
0.464 0
0.465 0
0.466 0
0.467 0
0.468 0
0.469 0
0.47 0
0.471 0
0.472 0
0.473 0
0.474 0
0.475 0
0.476 0
0.477 0
0.478 0
0.479 0
0.48 0
0.481 0
0.482 0
0.483 0
0.484 0
0.485 0
0.486 0
0.487 0
0.488 0
0.489 0
0.49 0
0.491 0
0.492 0
0.493 0
0.494 0
0.495 0
0.496 0
0.497 0
0.498 0
0.499 0
0.5 0
0.501 0
0.502 0
0.503 0
0.504 0
0.505 0
0.506 0
0.507 0
0.508 0
0.509 0
0.51 0
0.511 0
0.512 0
0.513 0
0.514 0
0.515 0
0.516 0
0.517 0
0.518 0
0.519 0
0.52 0
0.521 0
0.522 0
0.523 0
0.524 0
0.525 0
0.526 0
0.527 0
0.528 0
0.529 0
0.53 0
0.531 0
0.532 0
0.533 0
0.534 0
0.535 0
0.536 0
0.537 0
0.538 0
0.539 0
0.54 0
0.541 0
0.542 0
0.543 0
0.544 0
0.545 0
0.546 0
0.547 0
0.548 0
0.549 0
0.55 0
0.551 0
0.552 0
0.553 0
0.554 0
0.555 0
0.556 0
0.557 0
0.558 0
0.559 0
0.56 0
0.561 0
0.562 0
0.563 0
0.564 0
0.565 0
0.566 0
0.567 0
0.568 0
0.569 0
0.57 0
0.571 0
0.572 0
0.573 0
0.574 0
0.575 0
0.576 0
0.577 0
0.578 0
0.579 0
0.58 0
0.581 0
0.582 0
0.583 0
0.584 0
0.585 0
0.586 0
0.587 0
0.588 0
0.589 0
0.59 0
0.591 0
0.592 0
0.593 0
0.594 0
0.595 0
0.596 0
0.597 0
0.598 0
0.599 0
0.6 0
0.601 0
0.602 0
0.603 0
0.604 0
0.605 0
0.606 0
0.607 0
0.608 0
0.609 0
0.61 0
0.611 0
0.612 0
0.613 0
0.614 0
0.615 0
0.616 0
0.617 0
0.618 0
0.619 0
0.62 0
0.621 0
0.622 0
0.623 0
0.624 0
0.625 0
0.626 0
0.627 0
0.628 0
0.629 0
0.63 0
0.631 0
0.632 0
0.633 0
0.634 0
0.635 0
0.636 0
0.637 0
0.638 0
0.639 0
0.64 0
0.641 0
0.642 0
0.643 0
0.644 0
0.645 0
0.646 0
0.647 0
0.648 0
0.649 0
0.65 0
0.651 0
0.652 0
0.653 0
0.654 0
0.655 0
0.656 0
0.657 0
0.658 0
0.659 0
0.66 0
0.661 0
0.662 0
0.663 0
0.664 0
0.665 0
0.666 0
0.667 0
0.668 0
0.669 0
0.67 0
0.671 0
0.672 0
0.673 0
0.674 0
0.675 0
0.676 0
0.677 0
0.678 0
0.679 0
0.68 0
0.681 0
0.682 0
0.683 0
0.684 0
0.685 0
0.686 0
0.687 0
0.688 0
0.689 0
0.69 0
0.691 0
0.692 0
0.693 0
0.694 0
0.695 0
0.696 0
0.697 0
0.698 0
0.699 0
0.7 0
0.701 0
0.702 0
0.703 0
0.704 0
0.705 0
0.706 0
0.707 0
0.708 0
0.709 0
0.71 0
0.711 0
0.712 0
0.713 0
0.714 0
0.715 0
0.716 0
0.717 0
0.718 0
0.719 0
0.72 0
0.721 0
0.722 0
0.723 0
0.724 0
0.725 0
0.726 0
0.727 0
0.728 0
0.729 0
0.73 0
0.731 0
0.732 0
0.733 0
0.734 0
0.735 0
0.736 0
0.737 0
0.738 0
0.739 0
0.74 0
0.741 0
0.742 0
0.743 0
0.744 0
0.745 0
0.746 0
0.747 0
0.748 0
0.749 0
0.75 0
0.751 0
0.752 0
0.753 0
0.754 0
0.755 0
0.756 0
0.757 0
0.758 0
0.759 0
0.76 0
0.761 0
0.762 0
0.763 0
0.764 0
0.765 0
0.766 0
0.767 0
0.768 0
0.769 0
0.77 0
0.771 0
0.772 0
0.773 0
0.774 0
0.775 0
0.776 0
0.777 0
0.778 0
0.779 0
0.78 0
0.781 0
0.782 0
0.783 0
0.784 0
0.785 0
0.786 0
0.787 0
0.788 0
0.789 0
0.79 0
0.791 0
0.792 0
0.793 0
0.794 0
0.795 0
0.796 0
0.797 0
0.798 0
0.799 0
0.8 0
0.801 0
0.802 0
0.803 0
0.804 0
0.805 0
0.806 0
0.807 0
0.808 0
0.809 0
0.81 0
0.811 0
0.812 0
0.813 0
0.814 0
0.815 0
0.816 0
0.817 0
0.818 0
0.819 0
0.82 0
0.821 0
0.822 0
0.823 0
0.824 0
0.825 0
0.826 0
0.827 0
0.828 0
0.829 0
0.83 0
0.831 0
0.832 0
0.833 0
0.834 0
0.835 0
0.836 0
0.837 0
0.838 0
0.839 0
0.84 0
0.841 0
0.842 0
0.843 0
0.844 0
0.845 0
0.846 0
0.847 0
0.848 0
0.849 0
0.85 0
0.851 0
0.852 0
0.853 0
0.854 0
0.855 0
0.856 0
0.857 0
0.858 0
0.859 0
0.86 0
0.861 0
0.862 0
0.863 0
0.864 0
0.865 0
0.866 0
0.867 0
0.868 0
0.869 0
0.87 0
0.871 0
0.872 0
0.873 0
0.874 0
0.875 0
0.876 0
0.877 0
0.878 0
0.879 0
0.88 0
0.881 0
0.882 0
0.883 0
0.884 0
0.885 0
0.886 0
0.887 0
0.888 0
0.889 0
0.89 0
0.891 0
0.892 0
0.893 0
0.894 0
0.895 0
0.896 0
0.897 0
0.898 0
0.899 0
0.9 0
0.901 0
0.902 0
0.903 0
0.904 0
0.905 0
0.906 0
0.907 0
0.908 0
0.909 0
0.91 0
0.911 0
0.912 0
0.913 0
0.914 0
0.915 0
0.916 0
0.917 0
0.918 0
0.919 0
0.92 0
0.921 0
0.922 0
0.923 0
0.924 0
0.925 0
0.926 0
0.927 0
0.928 0
0.929 0
0.93 0
0.931 0
0.932 0
0.933 0
0.934 0
0.935 0
0.936 0
0.937 0
0.938 0
0.939 0
0.94 0
0.941 0
0.942 0
0.943 0
0.944 0
0.945 0
0.946 0
0.947 0
0.948 0
0.949 0
0.95 0
0.951 0
0.952 0
0.953 0
0.954 0
0.955 0
0.956 0
0.957 0
0.958 0
0.959 0
0.96 0
0.961 0
0.962 0
0.963 0
0.964 0
0.965 0
0.966 0
0.967 0
0.968 0
0.969 0
0.97 0
0.971 0
0.972 0
0.973 0
0.974 0
0.975 0
0.976 0
0.977 0
0.978 0
0.979 0
0.98 0
0.981 0
0.982 0
0.983 0
0.984 0
0.985 0
0.986 0
0.987 0
